-----------------------------------
Forwarding Table for Node 0:
Destination Node      Outgoing Link
1                       (0,1)
2                       (0,2)
3                       (0,3)
4                       (0,4)
5                       (0,5)
6                       (0,6)
7                       (0,4)
8                       (0,2)
9                       (0,4)
10                       (0,6)
11                       (0,5)
12                       (0,6)
13                       (0,2)
14                       (0,5)
15                       (0,6)
16                       (0,6)
17                       (0,4)
18                       (0,2)
19                       (0,2)
20                       (0,2)
21                       (0,5)
22                       (0,4)
23                       (0,1)
24                       (0,6)
25                       (0,6)
26                       (0,5)
27                       (0,4)
28                       (0,6)
29                       (0,2)
30                       (0,4)
31                       (0,4)
32                       (0,5)
33                       (0,6)
34                       (0,2)
35                       (0,6)
36                       (0,4)
37                       (0,2)
38                       (0,6)
39                       (0,2)
40                       (0,6)
41                       (0,4)
42                       (0,2)
43                       (0,2)
44                       (0,6)
45                       (0,5)
46                       (0,5)
47                       (0,6)
48                       (0,6)
49                       (0,5)
-----------------------------------
Forwarding Table for Node 1:
Destination Node      Outgoing Link
0                       (1,0)
2                       (1,2)
3                       (1,3)
4                       (1,6)
5                       (1,5)
6                       (1,6)
7                       (1,6)
8                       (1,2)
9                       (1,6)
10                       (1,6)
11                       (1,5)
12                       (1,6)
13                       (1,2)
14                       (1,5)
15                       (1,6)
16                       (1,6)
17                       (1,6)
18                       (1,2)
19                       (1,2)
20                       (1,2)
21                       (1,5)
22                       (1,6)
23                       (1,23)
24                       (1,6)
25                       (1,6)
26                       (1,5)
27                       (1,6)
28                       (1,6)
29                       (1,2)
30                       (1,6)
31                       (1,6)
32                       (1,5)
33                       (1,6)
34                       (1,2)
35                       (1,6)
36                       (1,6)
37                       (1,2)
38                       (1,6)
39                       (1,2)
40                       (1,6)
41                       (1,6)
42                       (1,2)
43                       (1,2)
44                       (1,6)
45                       (1,5)
46                       (1,5)
47                       (1,6)
48                       (1,6)
49                       (1,5)
-----------------------------------
Forwarding Table for Node 2:
Destination Node      Outgoing Link
0                       (2,0)
1                       (2,1)
3                       (2,1)
4                       (2,4)
5                       (2,1)
6                       (2,4)
7                       (2,4)
8                       (2,8)
9                       (2,4)
10                       (2,4)
11                       (2,1)
12                       (2,4)
13                       (2,8)
14                       (2,1)
15                       (2,4)
16                       (2,4)
17                       (2,4)
18                       (2,8)
19                       (2,8)
20                       (2,8)
21                       (2,1)
22                       (2,4)
23                       (2,1)
24                       (2,4)
25                       (2,4)
26                       (2,1)
27                       (2,4)
28                       (2,4)
29                       (2,29)
30                       (2,4)
31                       (2,4)
32                       (2,1)
33                       (2,4)
34                       (2,8)
35                       (2,4)
36                       (2,4)
37                       (2,8)
38                       (2,4)
39                       (2,8)
40                       (2,4)
41                       (2,4)
42                       (2,8)
43                       (2,8)
44                       (2,4)
45                       (2,1)
46                       (2,1)
47                       (2,4)
48                       (2,4)
49                       (2,1)
-----------------------------------
Forwarding Table for Node 3:
Destination Node      Outgoing Link
0                       (3,0)
1                       (3,1)
2                       (3,1)
4                       (3,1)
5                       (3,1)
6                       (3,1)
7                       (3,1)
8                       (3,1)
9                       (3,1)
10                       (3,1)
11                       (3,1)
12                       (3,1)
13                       (3,1)
14                       (3,1)
15                       (3,1)
16                       (3,1)
17                       (3,1)
18                       (3,1)
19                       (3,1)
20                       (3,1)
21                       (3,1)
22                       (3,1)
23                       (3,1)
24                       (3,1)
25                       (3,1)
26                       (3,1)
27                       (3,1)
28                       (3,1)
29                       (3,1)
30                       (3,1)
31                       (3,1)
32                       (3,1)
33                       (3,1)
34                       (3,1)
35                       (3,1)
36                       (3,1)
37                       (3,1)
38                       (3,1)
39                       (3,1)
40                       (3,1)
41                       (3,1)
42                       (3,1)
43                       (3,1)
44                       (3,1)
45                       (3,1)
46                       (3,1)
47                       (3,1)
48                       (3,1)
49                       (3,1)
-----------------------------------
Forwarding Table for Node 4:
Destination Node      Outgoing Link
0                       (4,0)
1                       (4,6)
2                       (4,2)
3                       (4,6)
5                       (4,6)
6                       (4,6)
7                       (4,7)
8                       (4,8)
9                       (4,9)
10                       (4,6)
11                       (4,11)
12                       (4,6)
13                       (4,8)
14                       (4,6)
15                       (4,6)
16                       (4,6)
17                       (4,7)
18                       (4,8)
19                       (4,8)
20                       (4,8)
21                       (4,11)
22                       (4,22)
23                       (4,6)
24                       (4,6)
25                       (4,6)
26                       (4,11)
27                       (4,9)
28                       (4,6)
29                       (4,2)
30                       (4,7)
31                       (4,31)
32                       (4,11)
33                       (4,6)
34                       (4,8)
35                       (4,6)
36                       (4,36)
37                       (4,8)
38                       (4,6)
39                       (4,8)
40                       (4,6)
41                       (4,41)
42                       (4,8)
43                       (4,8)
44                       (4,6)
45                       (4,11)
46                       (4,11)
47                       (4,6)
48                       (4,6)
49                       (4,11)
-----------------------------------
Forwarding Table for Node 5:
Destination Node      Outgoing Link
0                       (5,0)
1                       (5,1)
2                       (5,1)
3                       (5,1)
4                       (5,1)
6                       (5,1)
7                       (5,1)
8                       (5,1)
9                       (5,1)
10                       (5,1)
11                       (5,11)
12                       (5,1)
13                       (5,1)
14                       (5,14)
15                       (5,1)
16                       (5,1)
17                       (5,1)
18                       (5,1)
19                       (5,1)
20                       (5,1)
21                       (5,11)
22                       (5,1)
23                       (5,1)
24                       (5,1)
25                       (5,1)
26                       (5,11)
27                       (5,1)
28                       (5,1)
29                       (5,1)
30                       (5,1)
31                       (5,1)
32                       (5,11)
33                       (5,1)
34                       (5,1)
35                       (5,1)
36                       (5,1)
37                       (5,1)
38                       (5,1)
39                       (5,1)
40                       (5,1)
41                       (5,1)
42                       (5,1)
43                       (5,1)
44                       (5,1)
45                       (5,11)
46                       (5,11)
47                       (5,1)
48                       (5,1)
49                       (5,11)
-----------------------------------
Forwarding Table for Node 6:
Destination Node      Outgoing Link
0                       (6,0)
1                       (6,1)
2                       (6,4)
3                       (6,1)
4                       (6,4)
5                       (6,1)
7                       (6,7)
8                       (6,4)
9                       (6,4)
10                       (6,10)
11                       (6,4)
12                       (6,12)
13                       (6,4)
14                       (6,1)
15                       (6,15)
16                       (6,10)
17                       (6,7)
18                       (6,4)
19                       (6,4)
20                       (6,4)
21                       (6,4)
22                       (6,4)
23                       (6,1)
24                       (6,10)
25                       (6,25)
26                       (6,4)
27                       (6,4)
28                       (6,28)
29                       (6,4)
30                       (6,7)
31                       (6,4)
32                       (6,4)
33                       (6,33)
34                       (6,4)
35                       (6,35)
36                       (6,4)
37                       (6,4)
38                       (6,38)
39                       (6,4)
40                       (6,40)
41                       (6,4)
42                       (6,4)
43                       (6,4)
44                       (6,44)
45                       (6,4)
46                       (6,4)
47                       (6,47)
48                       (6,12)
49                       (6,4)
-----------------------------------
Forwarding Table for Node 7:
Destination Node      Outgoing Link
0                       (7,4)
1                       (7,6)
2                       (7,4)
3                       (7,6)
4                       (7,4)
5                       (7,6)
6                       (7,6)
8                       (7,4)
9                       (7,4)
10                       (7,6)
11                       (7,4)
12                       (7,6)
13                       (7,4)
14                       (7,6)
15                       (7,6)
16                       (7,6)
17                       (7,17)
18                       (7,4)
19                       (7,4)
20                       (7,4)
21                       (7,4)
22                       (7,4)
23                       (7,6)
24                       (7,6)
25                       (7,6)
26                       (7,4)
27                       (7,4)
28                       (7,6)
29                       (7,4)
30                       (7,30)
31                       (7,4)
32                       (7,4)
33                       (7,6)
34                       (7,4)
35                       (7,6)
36                       (7,4)
37                       (7,4)
38                       (7,6)
39                       (7,4)
40                       (7,6)
41                       (7,4)
42                       (7,4)
43                       (7,4)
44                       (7,6)
45                       (7,4)
46                       (7,4)
47                       (7,6)
48                       (7,6)
49                       (7,4)
-----------------------------------
Forwarding Table for Node 8:
Destination Node      Outgoing Link
0                       (8,4)
1                       (8,2)
2                       (8,2)
3                       (8,2)
4                       (8,4)
5                       (8,2)
6                       (8,12)
7                       (8,4)
9                       (8,4)
10                       (8,12)
11                       (8,4)
12                       (8,12)
13                       (8,13)
14                       (8,2)
15                       (8,12)
16                       (8,12)
17                       (8,4)
18                       (8,18)
19                       (8,19)
20                       (8,20)
21                       (8,4)
22                       (8,4)
23                       (8,2)
24                       (8,12)
25                       (8,12)
26                       (8,4)
27                       (8,4)
28                       (8,12)
29                       (8,2)
30                       (8,4)
31                       (8,4)
32                       (8,4)
33                       (8,12)
34                       (8,34)
35                       (8,12)
36                       (8,4)
37                       (8,37)
38                       (8,12)
39                       (8,39)
40                       (8,12)
41                       (8,4)
42                       (8,42)
43                       (8,43)
44                       (8,12)
45                       (8,4)
46                       (8,4)
47                       (8,12)
48                       (8,12)
49                       (8,4)
-----------------------------------
Forwarding Table for Node 9:
Destination Node      Outgoing Link
0                       (9,4)
1                       (9,4)
2                       (9,4)
3                       (9,4)
4                       (9,4)
5                       (9,4)
6                       (9,4)
7                       (9,4)
8                       (9,4)
10                       (9,10)
11                       (9,4)
12                       (9,12)
13                       (9,13)
14                       (9,4)
15                       (9,4)
16                       (9,10)
17                       (9,4)
18                       (9,4)
19                       (9,4)
20                       (9,4)
21                       (9,4)
22                       (9,4)
23                       (9,4)
24                       (9,10)
25                       (9,4)
26                       (9,4)
27                       (9,27)
28                       (9,4)
29                       (9,4)
30                       (9,4)
31                       (9,4)
32                       (9,4)
33                       (9,4)
34                       (9,4)
35                       (9,4)
36                       (9,4)
37                       (9,4)
38                       (9,4)
39                       (9,4)
40                       (9,4)
41                       (9,4)
42                       (9,4)
43                       (9,4)
44                       (9,4)
45                       (9,4)
46                       (9,4)
47                       (9,4)
48                       (9,12)
49                       (9,4)
-----------------------------------
Forwarding Table for Node 10:
Destination Node      Outgoing Link
0                       (10,6)
1                       (10,6)
2                       (10,6)
3                       (10,6)
4                       (10,6)
5                       (10,6)
6                       (10,6)
7                       (10,6)
8                       (10,6)
9                       (10,9)
11                       (10,6)
12                       (10,6)
13                       (10,9)
14                       (10,6)
15                       (10,6)
16                       (10,16)
17                       (10,6)
18                       (10,6)
19                       (10,6)
20                       (10,6)
21                       (10,6)
22                       (10,6)
23                       (10,6)
24                       (10,24)
25                       (10,6)
26                       (10,6)
27                       (10,9)
28                       (10,6)
29                       (10,6)
30                       (10,6)
31                       (10,6)
32                       (10,6)
33                       (10,6)
34                       (10,6)
35                       (10,6)
36                       (10,6)
37                       (10,6)
38                       (10,6)
39                       (10,6)
40                       (10,6)
41                       (10,6)
42                       (10,6)
43                       (10,6)
44                       (10,6)
45                       (10,6)
46                       (10,6)
47                       (10,6)
48                       (10,6)
49                       (10,6)
-----------------------------------
Forwarding Table for Node 11:
Destination Node      Outgoing Link
0                       (11,5)
1                       (11,5)
2                       (11,5)
3                       (11,5)
4                       (11,4)
5                       (11,5)
6                       (11,5)
7                       (11,4)
8                       (11,4)
9                       (11,4)
10                       (11,5)
12                       (11,5)
13                       (11,4)
14                       (11,5)
15                       (11,5)
16                       (11,5)
17                       (11,4)
18                       (11,4)
19                       (11,4)
20                       (11,4)
21                       (11,21)
22                       (11,4)
23                       (11,5)
24                       (11,5)
25                       (11,5)
26                       (11,26)
27                       (11,4)
28                       (11,5)
29                       (11,5)
30                       (11,4)
31                       (11,4)
32                       (11,32)
33                       (11,5)
34                       (11,4)
35                       (11,5)
36                       (11,4)
37                       (11,4)
38                       (11,5)
39                       (11,4)
40                       (11,5)
41                       (11,4)
42                       (11,4)
43                       (11,4)
44                       (11,5)
45                       (11,45)
46                       (11,46)
47                       (11,5)
48                       (11,5)
49                       (11,49)
-----------------------------------
Forwarding Table for Node 12:
Destination Node      Outgoing Link
0                       (12,6)
1                       (12,6)
2                       (12,6)
3                       (12,6)
4                       (12,6)
5                       (12,6)
6                       (12,6)
7                       (12,6)
8                       (12,8)
9                       (12,9)
10                       (12,6)
11                       (12,6)
13                       (12,8)
14                       (12,6)
15                       (12,6)
16                       (12,6)
17                       (12,6)
18                       (12,8)
19                       (12,8)
20                       (12,8)
21                       (12,6)
22                       (12,6)
23                       (12,6)
24                       (12,6)
25                       (12,6)
26                       (12,6)
27                       (12,9)
28                       (12,6)
29                       (12,6)
30                       (12,6)
31                       (12,6)
32                       (12,6)
33                       (12,6)
34                       (12,8)
35                       (12,6)
36                       (12,6)
37                       (12,8)
38                       (12,6)
39                       (12,8)
40                       (12,6)
41                       (12,6)
42                       (12,8)
43                       (12,8)
44                       (12,6)
45                       (12,6)
46                       (12,6)
47                       (12,6)
48                       (12,48)
49                       (12,6)
-----------------------------------
Forwarding Table for Node 13:
Destination Node      Outgoing Link
0                       (13,8)
1                       (13,8)
2                       (13,8)
3                       (13,8)
4                       (13,8)
5                       (13,8)
6                       (13,8)
7                       (13,8)
8                       (13,8)
9                       (13,9)
10                       (13,9)
11                       (13,8)
12                       (13,8)
14                       (13,8)
15                       (13,8)
16                       (13,9)
17                       (13,8)
18                       (13,8)
19                       (13,8)
20                       (13,8)
21                       (13,8)
22                       (13,8)
23                       (13,8)
24                       (13,9)
25                       (13,8)
26                       (13,8)
27                       (13,9)
28                       (13,8)
29                       (13,8)
30                       (13,8)
31                       (13,8)
32                       (13,8)
33                       (13,8)
34                       (13,8)
35                       (13,8)
36                       (13,8)
37                       (13,8)
38                       (13,8)
39                       (13,8)
40                       (13,8)
41                       (13,8)
42                       (13,8)
43                       (13,8)
44                       (13,8)
45                       (13,8)
46                       (13,8)
47                       (13,8)
48                       (13,8)
49                       (13,8)
-----------------------------------
Forwarding Table for Node 14:
Destination Node      Outgoing Link
0                       (14,5)
1                       (14,5)
2                       (14,5)
3                       (14,5)
4                       (14,5)
5                       (14,5)
6                       (14,5)
7                       (14,5)
8                       (14,5)
9                       (14,5)
10                       (14,5)
11                       (14,5)
12                       (14,5)
13                       (14,5)
15                       (14,5)
16                       (14,5)
17                       (14,5)
18                       (14,5)
19                       (14,5)
20                       (14,5)
21                       (14,5)
22                       (14,5)
23                       (14,5)
24                       (14,5)
25                       (14,5)
26                       (14,5)
27                       (14,5)
28                       (14,5)
29                       (14,5)
30                       (14,5)
31                       (14,5)
32                       (14,5)
33                       (14,5)
34                       (14,5)
35                       (14,5)
36                       (14,5)
37                       (14,5)
38                       (14,5)
39                       (14,5)
40                       (14,5)
41                       (14,5)
42                       (14,5)
43                       (14,5)
44                       (14,5)
45                       (14,5)
46                       (14,5)
47                       (14,5)
48                       (14,5)
49                       (14,5)
-----------------------------------
Forwarding Table for Node 15:
Destination Node      Outgoing Link
0                       (15,6)
1                       (15,6)
2                       (15,6)
3                       (15,6)
4                       (15,6)
5                       (15,6)
6                       (15,6)
7                       (15,6)
8                       (15,6)
9                       (15,6)
10                       (15,6)
11                       (15,6)
12                       (15,6)
13                       (15,6)
14                       (15,6)
16                       (15,6)
17                       (15,6)
18                       (15,6)
19                       (15,6)
20                       (15,6)
21                       (15,6)
22                       (15,6)
23                       (15,6)
24                       (15,6)
25                       (15,6)
26                       (15,6)
27                       (15,6)
28                       (15,6)
29                       (15,6)
30                       (15,6)
31                       (15,6)
32                       (15,6)
33                       (15,6)
34                       (15,6)
35                       (15,6)
36                       (15,6)
37                       (15,6)
38                       (15,6)
39                       (15,6)
40                       (15,6)
41                       (15,6)
42                       (15,6)
43                       (15,6)
44                       (15,6)
45                       (15,6)
46                       (15,6)
47                       (15,6)
48                       (15,6)
49                       (15,6)
-----------------------------------
Forwarding Table for Node 16:
Destination Node      Outgoing Link
0                       (16,10)
1                       (16,10)
2                       (16,10)
3                       (16,10)
4                       (16,10)
5                       (16,10)
6                       (16,10)
7                       (16,10)
8                       (16,10)
9                       (16,10)
10                       (16,10)
11                       (16,10)
12                       (16,10)
13                       (16,10)
14                       (16,10)
15                       (16,10)
17                       (16,10)
18                       (16,10)
19                       (16,10)
20                       (16,10)
21                       (16,10)
22                       (16,10)
23                       (16,10)
24                       (16,10)
25                       (16,10)
26                       (16,10)
27                       (16,10)
28                       (16,10)
29                       (16,10)
30                       (16,10)
31                       (16,10)
32                       (16,10)
33                       (16,10)
34                       (16,10)
35                       (16,10)
36                       (16,10)
37                       (16,10)
38                       (16,10)
39                       (16,10)
40                       (16,10)
41                       (16,10)
42                       (16,10)
43                       (16,10)
44                       (16,10)
45                       (16,10)
46                       (16,10)
47                       (16,10)
48                       (16,10)
49                       (16,10)
-----------------------------------
Forwarding Table for Node 17:
Destination Node      Outgoing Link
0                       (17,7)
1                       (17,7)
2                       (17,7)
3                       (17,7)
4                       (17,7)
5                       (17,7)
6                       (17,7)
7                       (17,7)
8                       (17,7)
9                       (17,7)
10                       (17,7)
11                       (17,7)
12                       (17,7)
13                       (17,7)
14                       (17,7)
15                       (17,7)
16                       (17,7)
18                       (17,7)
19                       (17,7)
20                       (17,7)
21                       (17,7)
22                       (17,7)
23                       (17,7)
24                       (17,7)
25                       (17,7)
26                       (17,7)
27                       (17,7)
28                       (17,7)
29                       (17,7)
30                       (17,7)
31                       (17,7)
32                       (17,7)
33                       (17,7)
34                       (17,7)
35                       (17,7)
36                       (17,7)
37                       (17,7)
38                       (17,7)
39                       (17,7)
40                       (17,7)
41                       (17,7)
42                       (17,7)
43                       (17,7)
44                       (17,7)
45                       (17,7)
46                       (17,7)
47                       (17,7)
48                       (17,7)
49                       (17,7)
-----------------------------------
Forwarding Table for Node 18:
Destination Node      Outgoing Link
0                       (18,8)
1                       (18,8)
2                       (18,8)
3                       (18,8)
4                       (18,8)
5                       (18,8)
6                       (18,8)
7                       (18,8)
8                       (18,8)
9                       (18,8)
10                       (18,8)
11                       (18,8)
12                       (18,8)
13                       (18,8)
14                       (18,8)
15                       (18,8)
16                       (18,8)
17                       (18,8)
19                       (18,8)
20                       (18,8)
21                       (18,8)
22                       (18,8)
23                       (18,8)
24                       (18,8)
25                       (18,8)
26                       (18,8)
27                       (18,8)
28                       (18,8)
29                       (18,8)
30                       (18,8)
31                       (18,8)
32                       (18,8)
33                       (18,8)
34                       (18,8)
35                       (18,8)
36                       (18,8)
37                       (18,8)
38                       (18,8)
39                       (18,8)
40                       (18,8)
41                       (18,8)
42                       (18,8)
43                       (18,8)
44                       (18,8)
45                       (18,8)
46                       (18,8)
47                       (18,8)
48                       (18,8)
49                       (18,8)
-----------------------------------
Forwarding Table for Node 19:
Destination Node      Outgoing Link
0                       (19,8)
1                       (19,8)
2                       (19,8)
3                       (19,8)
4                       (19,8)
5                       (19,8)
6                       (19,8)
7                       (19,8)
8                       (19,8)
9                       (19,8)
10                       (19,8)
11                       (19,8)
12                       (19,8)
13                       (19,8)
14                       (19,8)
15                       (19,8)
16                       (19,8)
17                       (19,8)
18                       (19,8)
20                       (19,8)
21                       (19,8)
22                       (19,8)
23                       (19,8)
24                       (19,8)
25                       (19,8)
26                       (19,8)
27                       (19,8)
28                       (19,8)
29                       (19,8)
30                       (19,8)
31                       (19,8)
32                       (19,8)
33                       (19,8)
34                       (19,8)
35                       (19,8)
36                       (19,8)
37                       (19,8)
38                       (19,8)
39                       (19,8)
40                       (19,8)
41                       (19,8)
42                       (19,8)
43                       (19,8)
44                       (19,8)
45                       (19,8)
46                       (19,8)
47                       (19,8)
48                       (19,8)
49                       (19,8)
-----------------------------------
Forwarding Table for Node 20:
Destination Node      Outgoing Link
0                       (20,8)
1                       (20,8)
2                       (20,8)
3                       (20,8)
4                       (20,8)
5                       (20,8)
6                       (20,8)
7                       (20,8)
8                       (20,8)
9                       (20,8)
10                       (20,8)
11                       (20,8)
12                       (20,8)
13                       (20,8)
14                       (20,8)
15                       (20,8)
16                       (20,8)
17                       (20,8)
18                       (20,8)
19                       (20,8)
21                       (20,8)
22                       (20,8)
23                       (20,8)
24                       (20,8)
25                       (20,8)
26                       (20,8)
27                       (20,8)
28                       (20,8)
29                       (20,8)
30                       (20,8)
31                       (20,8)
32                       (20,8)
33                       (20,8)
34                       (20,8)
35                       (20,8)
36                       (20,8)
37                       (20,8)
38                       (20,8)
39                       (20,8)
40                       (20,8)
41                       (20,8)
42                       (20,8)
43                       (20,8)
44                       (20,8)
45                       (20,8)
46                       (20,8)
47                       (20,8)
48                       (20,8)
49                       (20,8)
-----------------------------------
Forwarding Table for Node 21:
Destination Node      Outgoing Link
0                       (21,11)
1                       (21,11)
2                       (21,11)
3                       (21,11)
4                       (21,11)
5                       (21,11)
6                       (21,11)
7                       (21,11)
8                       (21,11)
9                       (21,11)
10                       (21,11)
11                       (21,11)
12                       (21,11)
13                       (21,11)
14                       (21,11)
15                       (21,11)
16                       (21,11)
17                       (21,11)
18                       (21,11)
19                       (21,11)
20                       (21,11)
22                       (21,11)
23                       (21,11)
24                       (21,11)
25                       (21,11)
26                       (21,11)
27                       (21,11)
28                       (21,11)
29                       (21,11)
30                       (21,11)
31                       (21,11)
32                       (21,11)
33                       (21,11)
34                       (21,11)
35                       (21,11)
36                       (21,11)
37                       (21,11)
38                       (21,11)
39                       (21,11)
40                       (21,11)
41                       (21,11)
42                       (21,11)
43                       (21,11)
44                       (21,11)
45                       (21,11)
46                       (21,11)
47                       (21,11)
48                       (21,11)
49                       (21,11)
-----------------------------------
Forwarding Table for Node 22:
Destination Node      Outgoing Link
0                       (22,4)
1                       (22,4)
2                       (22,4)
3                       (22,4)
4                       (22,4)
5                       (22,4)
6                       (22,4)
7                       (22,4)
8                       (22,4)
9                       (22,4)
10                       (22,4)
11                       (22,4)
12                       (22,4)
13                       (22,4)
14                       (22,4)
15                       (22,4)
16                       (22,4)
17                       (22,4)
18                       (22,4)
19                       (22,4)
20                       (22,4)
21                       (22,4)
23                       (22,4)
24                       (22,4)
25                       (22,4)
26                       (22,4)
27                       (22,4)
28                       (22,4)
29                       (22,4)
30                       (22,4)
31                       (22,4)
32                       (22,4)
33                       (22,4)
34                       (22,4)
35                       (22,4)
36                       (22,4)
37                       (22,4)
38                       (22,4)
39                       (22,4)
40                       (22,4)
41                       (22,4)
42                       (22,4)
43                       (22,4)
44                       (22,4)
45                       (22,4)
46                       (22,4)
47                       (22,4)
48                       (22,4)
49                       (22,4)
-----------------------------------
Forwarding Table for Node 23:
Destination Node      Outgoing Link
0                       (23,1)
1                       (23,1)
2                       (23,1)
3                       (23,1)
4                       (23,1)
5                       (23,1)
6                       (23,1)
7                       (23,1)
8                       (23,1)
9                       (23,1)
10                       (23,1)
11                       (23,1)
12                       (23,1)
13                       (23,1)
14                       (23,1)
15                       (23,1)
16                       (23,1)
17                       (23,1)
18                       (23,1)
19                       (23,1)
20                       (23,1)
21                       (23,1)
22                       (23,1)
24                       (23,1)
25                       (23,1)
26                       (23,1)
27                       (23,1)
28                       (23,1)
29                       (23,1)
30                       (23,1)
31                       (23,1)
32                       (23,1)
33                       (23,1)
34                       (23,1)
35                       (23,1)
36                       (23,1)
37                       (23,1)
38                       (23,1)
39                       (23,1)
40                       (23,1)
41                       (23,1)
42                       (23,1)
43                       (23,1)
44                       (23,1)
45                       (23,1)
46                       (23,1)
47                       (23,1)
48                       (23,1)
49                       (23,1)
-----------------------------------
Forwarding Table for Node 24:
Destination Node      Outgoing Link
0                       (24,10)
1                       (24,10)
2                       (24,10)
3                       (24,10)
4                       (24,10)
5                       (24,10)
6                       (24,10)
7                       (24,10)
8                       (24,10)
9                       (24,10)
10                       (24,10)
11                       (24,10)
12                       (24,10)
13                       (24,10)
14                       (24,10)
15                       (24,10)
16                       (24,10)
17                       (24,10)
18                       (24,10)
19                       (24,10)
20                       (24,10)
21                       (24,10)
22                       (24,10)
23                       (24,10)
25                       (24,10)
26                       (24,10)
27                       (24,10)
28                       (24,10)
29                       (24,10)
30                       (24,10)
31                       (24,10)
32                       (24,10)
33                       (24,10)
34                       (24,10)
35                       (24,10)
36                       (24,10)
37                       (24,10)
38                       (24,10)
39                       (24,10)
40                       (24,10)
41                       (24,10)
42                       (24,10)
43                       (24,10)
44                       (24,10)
45                       (24,10)
46                       (24,10)
47                       (24,10)
48                       (24,10)
49                       (24,10)
-----------------------------------
Forwarding Table for Node 25:
Destination Node      Outgoing Link
0                       (25,6)
1                       (25,6)
2                       (25,6)
3                       (25,6)
4                       (25,6)
5                       (25,6)
6                       (25,6)
7                       (25,6)
8                       (25,6)
9                       (25,6)
10                       (25,6)
11                       (25,6)
12                       (25,6)
13                       (25,6)
14                       (25,6)
15                       (25,6)
16                       (25,6)
17                       (25,6)
18                       (25,6)
19                       (25,6)
20                       (25,6)
21                       (25,6)
22                       (25,6)
23                       (25,6)
24                       (25,6)
26                       (25,6)
27                       (25,6)
28                       (25,6)
29                       (25,6)
30                       (25,6)
31                       (25,6)
32                       (25,6)
33                       (25,6)
34                       (25,6)
35                       (25,6)
36                       (25,6)
37                       (25,6)
38                       (25,6)
39                       (25,6)
40                       (25,6)
41                       (25,6)
42                       (25,6)
43                       (25,6)
44                       (25,6)
45                       (25,6)
46                       (25,6)
47                       (25,6)
48                       (25,6)
49                       (25,6)
-----------------------------------
Forwarding Table for Node 26:
Destination Node      Outgoing Link
0                       (26,11)
1                       (26,11)
2                       (26,11)
3                       (26,11)
4                       (26,11)
5                       (26,11)
6                       (26,11)
7                       (26,11)
8                       (26,11)
9                       (26,11)
10                       (26,11)
11                       (26,11)
12                       (26,11)
13                       (26,11)
14                       (26,11)
15                       (26,11)
16                       (26,11)
17                       (26,11)
18                       (26,11)
19                       (26,11)
20                       (26,11)
21                       (26,11)
22                       (26,11)
23                       (26,11)
24                       (26,11)
25                       (26,11)
27                       (26,11)
28                       (26,11)
29                       (26,11)
30                       (26,11)
31                       (26,11)
32                       (26,11)
33                       (26,11)
34                       (26,11)
35                       (26,11)
36                       (26,11)
37                       (26,11)
38                       (26,11)
39                       (26,11)
40                       (26,11)
41                       (26,11)
42                       (26,11)
43                       (26,11)
44                       (26,11)
45                       (26,11)
46                       (26,11)
47                       (26,11)
48                       (26,11)
49                       (26,11)
-----------------------------------
Forwarding Table for Node 27:
Destination Node      Outgoing Link
0                       (27,9)
1                       (27,9)
2                       (27,9)
3                       (27,9)
4                       (27,9)
5                       (27,9)
6                       (27,9)
7                       (27,9)
8                       (27,9)
9                       (27,9)
10                       (27,9)
11                       (27,9)
12                       (27,9)
13                       (27,9)
14                       (27,9)
15                       (27,9)
16                       (27,9)
17                       (27,9)
18                       (27,9)
19                       (27,9)
20                       (27,9)
21                       (27,9)
22                       (27,9)
23                       (27,9)
24                       (27,9)
25                       (27,9)
26                       (27,9)
28                       (27,9)
29                       (27,9)
30                       (27,9)
31                       (27,9)
32                       (27,9)
33                       (27,9)
34                       (27,9)
35                       (27,9)
36                       (27,9)
37                       (27,9)
38                       (27,9)
39                       (27,9)
40                       (27,9)
41                       (27,9)
42                       (27,9)
43                       (27,9)
44                       (27,9)
45                       (27,9)
46                       (27,9)
47                       (27,9)
48                       (27,9)
49                       (27,9)
-----------------------------------
Forwarding Table for Node 28:
Destination Node      Outgoing Link
0                       (28,6)
1                       (28,6)
2                       (28,6)
3                       (28,6)
4                       (28,6)
5                       (28,6)
6                       (28,6)
7                       (28,6)
8                       (28,6)
9                       (28,6)
10                       (28,6)
11                       (28,6)
12                       (28,6)
13                       (28,6)
14                       (28,6)
15                       (28,6)
16                       (28,6)
17                       (28,6)
18                       (28,6)
19                       (28,6)
20                       (28,6)
21                       (28,6)
22                       (28,6)
23                       (28,6)
24                       (28,6)
25                       (28,6)
26                       (28,6)
27                       (28,6)
29                       (28,6)
30                       (28,6)
31                       (28,6)
32                       (28,6)
33                       (28,6)
34                       (28,6)
35                       (28,6)
36                       (28,6)
37                       (28,6)
38                       (28,6)
39                       (28,6)
40                       (28,6)
41                       (28,6)
42                       (28,6)
43                       (28,6)
44                       (28,6)
45                       (28,6)
46                       (28,6)
47                       (28,6)
48                       (28,6)
49                       (28,6)
-----------------------------------
Forwarding Table for Node 29:
Destination Node      Outgoing Link
0                       (29,2)
1                       (29,2)
2                       (29,2)
3                       (29,2)
4                       (29,2)
5                       (29,2)
6                       (29,2)
7                       (29,2)
8                       (29,2)
9                       (29,2)
10                       (29,2)
11                       (29,2)
12                       (29,2)
13                       (29,2)
14                       (29,2)
15                       (29,2)
16                       (29,2)
17                       (29,2)
18                       (29,2)
19                       (29,2)
20                       (29,2)
21                       (29,2)
22                       (29,2)
23                       (29,2)
24                       (29,2)
25                       (29,2)
26                       (29,2)
27                       (29,2)
28                       (29,2)
30                       (29,2)
31                       (29,2)
32                       (29,2)
33                       (29,2)
34                       (29,2)
35                       (29,2)
36                       (29,2)
37                       (29,2)
38                       (29,2)
39                       (29,2)
40                       (29,2)
41                       (29,2)
42                       (29,2)
43                       (29,2)
44                       (29,2)
45                       (29,2)
46                       (29,2)
47                       (29,2)
48                       (29,2)
49                       (29,2)
-----------------------------------
Forwarding Table for Node 30:
Destination Node      Outgoing Link
0                       (30,7)
1                       (30,7)
2                       (30,7)
3                       (30,7)
4                       (30,7)
5                       (30,7)
6                       (30,7)
7                       (30,7)
8                       (30,7)
9                       (30,7)
10                       (30,7)
11                       (30,7)
12                       (30,7)
13                       (30,7)
14                       (30,7)
15                       (30,7)
16                       (30,7)
17                       (30,7)
18                       (30,7)
19                       (30,7)
20                       (30,7)
21                       (30,7)
22                       (30,7)
23                       (30,7)
24                       (30,7)
25                       (30,7)
26                       (30,7)
27                       (30,7)
28                       (30,7)
29                       (30,7)
31                       (30,7)
32                       (30,7)
33                       (30,7)
34                       (30,7)
35                       (30,7)
36                       (30,7)
37                       (30,7)
38                       (30,7)
39                       (30,7)
40                       (30,7)
41                       (30,7)
42                       (30,7)
43                       (30,7)
44                       (30,7)
45                       (30,7)
46                       (30,7)
47                       (30,7)
48                       (30,7)
49                       (30,7)
-----------------------------------
Forwarding Table for Node 31:
Destination Node      Outgoing Link
0                       (31,4)
1                       (31,4)
2                       (31,4)
3                       (31,4)
4                       (31,4)
5                       (31,4)
6                       (31,4)
7                       (31,4)
8                       (31,4)
9                       (31,4)
10                       (31,4)
11                       (31,4)
12                       (31,4)
13                       (31,4)
14                       (31,4)
15                       (31,4)
16                       (31,4)
17                       (31,4)
18                       (31,4)
19                       (31,4)
20                       (31,4)
21                       (31,4)
22                       (31,4)
23                       (31,4)
24                       (31,4)
25                       (31,4)
26                       (31,4)
27                       (31,4)
28                       (31,4)
29                       (31,4)
30                       (31,4)
32                       (31,4)
33                       (31,4)
34                       (31,4)
35                       (31,4)
36                       (31,4)
37                       (31,4)
38                       (31,4)
39                       (31,4)
40                       (31,4)
41                       (31,4)
42                       (31,4)
43                       (31,4)
44                       (31,4)
45                       (31,4)
46                       (31,4)
47                       (31,4)
48                       (31,4)
49                       (31,4)
-----------------------------------
Forwarding Table for Node 32:
Destination Node      Outgoing Link
0                       (32,11)
1                       (32,11)
2                       (32,11)
3                       (32,11)
4                       (32,11)
5                       (32,11)
6                       (32,11)
7                       (32,11)
8                       (32,11)
9                       (32,11)
10                       (32,11)
11                       (32,11)
12                       (32,11)
13                       (32,11)
14                       (32,11)
15                       (32,11)
16                       (32,11)
17                       (32,11)
18                       (32,11)
19                       (32,11)
20                       (32,11)
21                       (32,11)
22                       (32,11)
23                       (32,11)
24                       (32,11)
25                       (32,11)
26                       (32,11)
27                       (32,11)
28                       (32,11)
29                       (32,11)
30                       (32,11)
31                       (32,11)
33                       (32,11)
34                       (32,11)
35                       (32,11)
36                       (32,11)
37                       (32,11)
38                       (32,11)
39                       (32,11)
40                       (32,11)
41                       (32,11)
42                       (32,11)
43                       (32,11)
44                       (32,11)
45                       (32,11)
46                       (32,11)
47                       (32,11)
48                       (32,11)
49                       (32,11)
-----------------------------------
Forwarding Table for Node 33:
Destination Node      Outgoing Link
0                       (33,6)
1                       (33,6)
2                       (33,6)
3                       (33,6)
4                       (33,6)
5                       (33,6)
6                       (33,6)
7                       (33,6)
8                       (33,6)
9                       (33,6)
10                       (33,6)
11                       (33,6)
12                       (33,6)
13                       (33,6)
14                       (33,6)
15                       (33,6)
16                       (33,6)
17                       (33,6)
18                       (33,6)
19                       (33,6)
20                       (33,6)
21                       (33,6)
22                       (33,6)
23                       (33,6)
24                       (33,6)
25                       (33,6)
26                       (33,6)
27                       (33,6)
28                       (33,6)
29                       (33,6)
30                       (33,6)
31                       (33,6)
32                       (33,6)
34                       (33,6)
35                       (33,6)
36                       (33,6)
37                       (33,6)
38                       (33,6)
39                       (33,6)
40                       (33,6)
41                       (33,6)
42                       (33,6)
43                       (33,6)
44                       (33,6)
45                       (33,6)
46                       (33,6)
47                       (33,6)
48                       (33,6)
49                       (33,6)
-----------------------------------
Forwarding Table for Node 34:
Destination Node      Outgoing Link
0                       (34,8)
1                       (34,8)
2                       (34,8)
3                       (34,8)
4                       (34,8)
5                       (34,8)
6                       (34,8)
7                       (34,8)
8                       (34,8)
9                       (34,8)
10                       (34,8)
11                       (34,8)
12                       (34,8)
13                       (34,8)
14                       (34,8)
15                       (34,8)
16                       (34,8)
17                       (34,8)
18                       (34,8)
19                       (34,8)
20                       (34,8)
21                       (34,8)
22                       (34,8)
23                       (34,8)
24                       (34,8)
25                       (34,8)
26                       (34,8)
27                       (34,8)
28                       (34,8)
29                       (34,8)
30                       (34,8)
31                       (34,8)
32                       (34,8)
33                       (34,8)
35                       (34,8)
36                       (34,8)
37                       (34,8)
38                       (34,8)
39                       (34,8)
40                       (34,8)
41                       (34,8)
42                       (34,8)
43                       (34,8)
44                       (34,8)
45                       (34,8)
46                       (34,8)
47                       (34,8)
48                       (34,8)
49                       (34,8)
-----------------------------------
Forwarding Table for Node 35:
Destination Node      Outgoing Link
0                       (35,6)
1                       (35,6)
2                       (35,6)
3                       (35,6)
4                       (35,6)
5                       (35,6)
6                       (35,6)
7                       (35,6)
8                       (35,6)
9                       (35,6)
10                       (35,6)
11                       (35,6)
12                       (35,6)
13                       (35,6)
14                       (35,6)
15                       (35,6)
16                       (35,6)
17                       (35,6)
18                       (35,6)
19                       (35,6)
20                       (35,6)
21                       (35,6)
22                       (35,6)
23                       (35,6)
24                       (35,6)
25                       (35,6)
26                       (35,6)
27                       (35,6)
28                       (35,6)
29                       (35,6)
30                       (35,6)
31                       (35,6)
32                       (35,6)
33                       (35,6)
34                       (35,6)
36                       (35,6)
37                       (35,6)
38                       (35,6)
39                       (35,6)
40                       (35,6)
41                       (35,6)
42                       (35,6)
43                       (35,6)
44                       (35,6)
45                       (35,6)
46                       (35,6)
47                       (35,6)
48                       (35,6)
49                       (35,6)
-----------------------------------
Forwarding Table for Node 36:
Destination Node      Outgoing Link
0                       (36,4)
1                       (36,4)
2                       (36,4)
3                       (36,4)
4                       (36,4)
5                       (36,4)
6                       (36,4)
7                       (36,4)
8                       (36,4)
9                       (36,4)
10                       (36,4)
11                       (36,4)
12                       (36,4)
13                       (36,4)
14                       (36,4)
15                       (36,4)
16                       (36,4)
17                       (36,4)
18                       (36,4)
19                       (36,4)
20                       (36,4)
21                       (36,4)
22                       (36,4)
23                       (36,4)
24                       (36,4)
25                       (36,4)
26                       (36,4)
27                       (36,4)
28                       (36,4)
29                       (36,4)
30                       (36,4)
31                       (36,4)
32                       (36,4)
33                       (36,4)
34                       (36,4)
35                       (36,4)
37                       (36,4)
38                       (36,4)
39                       (36,4)
40                       (36,4)
41                       (36,4)
42                       (36,4)
43                       (36,4)
44                       (36,4)
45                       (36,4)
46                       (36,4)
47                       (36,4)
48                       (36,4)
49                       (36,4)
-----------------------------------
Forwarding Table for Node 37:
Destination Node      Outgoing Link
0                       (37,8)
1                       (37,8)
2                       (37,8)
3                       (37,8)
4                       (37,8)
5                       (37,8)
6                       (37,8)
7                       (37,8)
8                       (37,8)
9                       (37,8)
10                       (37,8)
11                       (37,8)
12                       (37,8)
13                       (37,8)
14                       (37,8)
15                       (37,8)
16                       (37,8)
17                       (37,8)
18                       (37,8)
19                       (37,8)
20                       (37,8)
21                       (37,8)
22                       (37,8)
23                       (37,8)
24                       (37,8)
25                       (37,8)
26                       (37,8)
27                       (37,8)
28                       (37,8)
29                       (37,8)
30                       (37,8)
31                       (37,8)
32                       (37,8)
33                       (37,8)
34                       (37,8)
35                       (37,8)
36                       (37,8)
38                       (37,8)
39                       (37,8)
40                       (37,8)
41                       (37,8)
42                       (37,8)
43                       (37,8)
44                       (37,8)
45                       (37,8)
46                       (37,8)
47                       (37,8)
48                       (37,8)
49                       (37,8)
-----------------------------------
Forwarding Table for Node 38:
Destination Node      Outgoing Link
0                       (38,6)
1                       (38,6)
2                       (38,6)
3                       (38,6)
4                       (38,6)
5                       (38,6)
6                       (38,6)
7                       (38,6)
8                       (38,6)
9                       (38,6)
10                       (38,6)
11                       (38,6)
12                       (38,6)
13                       (38,6)
14                       (38,6)
15                       (38,6)
16                       (38,6)
17                       (38,6)
18                       (38,6)
19                       (38,6)
20                       (38,6)
21                       (38,6)
22                       (38,6)
23                       (38,6)
24                       (38,6)
25                       (38,6)
26                       (38,6)
27                       (38,6)
28                       (38,6)
29                       (38,6)
30                       (38,6)
31                       (38,6)
32                       (38,6)
33                       (38,6)
34                       (38,6)
35                       (38,6)
36                       (38,6)
37                       (38,6)
39                       (38,6)
40                       (38,6)
41                       (38,6)
42                       (38,6)
43                       (38,6)
44                       (38,6)
45                       (38,6)
46                       (38,6)
47                       (38,6)
48                       (38,6)
49                       (38,6)
-----------------------------------
Forwarding Table for Node 39:
Destination Node      Outgoing Link
0                       (39,8)
1                       (39,8)
2                       (39,8)
3                       (39,8)
4                       (39,8)
5                       (39,8)
6                       (39,8)
7                       (39,8)
8                       (39,8)
9                       (39,8)
10                       (39,8)
11                       (39,8)
12                       (39,8)
13                       (39,8)
14                       (39,8)
15                       (39,8)
16                       (39,8)
17                       (39,8)
18                       (39,8)
19                       (39,8)
20                       (39,8)
21                       (39,8)
22                       (39,8)
23                       (39,8)
24                       (39,8)
25                       (39,8)
26                       (39,8)
27                       (39,8)
28                       (39,8)
29                       (39,8)
30                       (39,8)
31                       (39,8)
32                       (39,8)
33                       (39,8)
34                       (39,8)
35                       (39,8)
36                       (39,8)
37                       (39,8)
38                       (39,8)
40                       (39,8)
41                       (39,8)
42                       (39,8)
43                       (39,8)
44                       (39,8)
45                       (39,8)
46                       (39,8)
47                       (39,8)
48                       (39,8)
49                       (39,8)
-----------------------------------
Forwarding Table for Node 40:
Destination Node      Outgoing Link
0                       (40,6)
1                       (40,6)
2                       (40,6)
3                       (40,6)
4                       (40,6)
5                       (40,6)
6                       (40,6)
7                       (40,6)
8                       (40,6)
9                       (40,6)
10                       (40,6)
11                       (40,6)
12                       (40,6)
13                       (40,6)
14                       (40,6)
15                       (40,6)
16                       (40,6)
17                       (40,6)
18                       (40,6)
19                       (40,6)
20                       (40,6)
21                       (40,6)
22                       (40,6)
23                       (40,6)
24                       (40,6)
25                       (40,6)
26                       (40,6)
27                       (40,6)
28                       (40,6)
29                       (40,6)
30                       (40,6)
31                       (40,6)
32                       (40,6)
33                       (40,6)
34                       (40,6)
35                       (40,6)
36                       (40,6)
37                       (40,6)
38                       (40,6)
39                       (40,6)
41                       (40,6)
42                       (40,6)
43                       (40,6)
44                       (40,6)
45                       (40,6)
46                       (40,6)
47                       (40,6)
48                       (40,6)
49                       (40,6)
-----------------------------------
Forwarding Table for Node 41:
Destination Node      Outgoing Link
0                       (41,4)
1                       (41,4)
2                       (41,4)
3                       (41,4)
4                       (41,4)
5                       (41,4)
6                       (41,4)
7                       (41,4)
8                       (41,4)
9                       (41,4)
10                       (41,4)
11                       (41,4)
12                       (41,4)
13                       (41,4)
14                       (41,4)
15                       (41,4)
16                       (41,4)
17                       (41,4)
18                       (41,4)
19                       (41,4)
20                       (41,4)
21                       (41,4)
22                       (41,4)
23                       (41,4)
24                       (41,4)
25                       (41,4)
26                       (41,4)
27                       (41,4)
28                       (41,4)
29                       (41,4)
30                       (41,4)
31                       (41,4)
32                       (41,4)
33                       (41,4)
34                       (41,4)
35                       (41,4)
36                       (41,4)
37                       (41,4)
38                       (41,4)
39                       (41,4)
40                       (41,4)
42                       (41,4)
43                       (41,4)
44                       (41,4)
45                       (41,4)
46                       (41,4)
47                       (41,4)
48                       (41,4)
49                       (41,4)
-----------------------------------
Forwarding Table for Node 42:
Destination Node      Outgoing Link
0                       (42,8)
1                       (42,8)
2                       (42,8)
3                       (42,8)
4                       (42,8)
5                       (42,8)
6                       (42,8)
7                       (42,8)
8                       (42,8)
9                       (42,8)
10                       (42,8)
11                       (42,8)
12                       (42,8)
13                       (42,8)
14                       (42,8)
15                       (42,8)
16                       (42,8)
17                       (42,8)
18                       (42,8)
19                       (42,8)
20                       (42,8)
21                       (42,8)
22                       (42,8)
23                       (42,8)
24                       (42,8)
25                       (42,8)
26                       (42,8)
27                       (42,8)
28                       (42,8)
29                       (42,8)
30                       (42,8)
31                       (42,8)
32                       (42,8)
33                       (42,8)
34                       (42,8)
35                       (42,8)
36                       (42,8)
37                       (42,8)
38                       (42,8)
39                       (42,8)
40                       (42,8)
41                       (42,8)
43                       (42,8)
44                       (42,8)
45                       (42,8)
46                       (42,8)
47                       (42,8)
48                       (42,8)
49                       (42,8)
-----------------------------------
Forwarding Table for Node 43:
Destination Node      Outgoing Link
0                       (43,8)
1                       (43,8)
2                       (43,8)
3                       (43,8)
4                       (43,8)
5                       (43,8)
6                       (43,8)
7                       (43,8)
8                       (43,8)
9                       (43,8)
10                       (43,8)
11                       (43,8)
12                       (43,8)
13                       (43,8)
14                       (43,8)
15                       (43,8)
16                       (43,8)
17                       (43,8)
18                       (43,8)
19                       (43,8)
20                       (43,8)
21                       (43,8)
22                       (43,8)
23                       (43,8)
24                       (43,8)
25                       (43,8)
26                       (43,8)
27                       (43,8)
28                       (43,8)
29                       (43,8)
30                       (43,8)
31                       (43,8)
32                       (43,8)
33                       (43,8)
34                       (43,8)
35                       (43,8)
36                       (43,8)
37                       (43,8)
38                       (43,8)
39                       (43,8)
40                       (43,8)
41                       (43,8)
42                       (43,8)
44                       (43,8)
45                       (43,8)
46                       (43,8)
47                       (43,8)
48                       (43,8)
49                       (43,8)
-----------------------------------
Forwarding Table for Node 44:
Destination Node      Outgoing Link
0                       (44,6)
1                       (44,6)
2                       (44,6)
3                       (44,6)
4                       (44,6)
5                       (44,6)
6                       (44,6)
7                       (44,6)
8                       (44,6)
9                       (44,6)
10                       (44,6)
11                       (44,6)
12                       (44,6)
13                       (44,6)
14                       (44,6)
15                       (44,6)
16                       (44,6)
17                       (44,6)
18                       (44,6)
19                       (44,6)
20                       (44,6)
21                       (44,6)
22                       (44,6)
23                       (44,6)
24                       (44,6)
25                       (44,6)
26                       (44,6)
27                       (44,6)
28                       (44,6)
29                       (44,6)
30                       (44,6)
31                       (44,6)
32                       (44,6)
33                       (44,6)
34                       (44,6)
35                       (44,6)
36                       (44,6)
37                       (44,6)
38                       (44,6)
39                       (44,6)
40                       (44,6)
41                       (44,6)
42                       (44,6)
43                       (44,6)
45                       (44,6)
46                       (44,6)
47                       (44,6)
48                       (44,6)
49                       (44,6)
-----------------------------------
Forwarding Table for Node 45:
Destination Node      Outgoing Link
0                       (45,11)
1                       (45,11)
2                       (45,11)
3                       (45,11)
4                       (45,11)
5                       (45,11)
6                       (45,11)
7                       (45,11)
8                       (45,11)
9                       (45,11)
10                       (45,11)
11                       (45,11)
12                       (45,11)
13                       (45,11)
14                       (45,11)
15                       (45,11)
16                       (45,11)
17                       (45,11)
18                       (45,11)
19                       (45,11)
20                       (45,11)
21                       (45,11)
22                       (45,11)
23                       (45,11)
24                       (45,11)
25                       (45,11)
26                       (45,11)
27                       (45,11)
28                       (45,11)
29                       (45,11)
30                       (45,11)
31                       (45,11)
32                       (45,11)
33                       (45,11)
34                       (45,11)
35                       (45,11)
36                       (45,11)
37                       (45,11)
38                       (45,11)
39                       (45,11)
40                       (45,11)
41                       (45,11)
42                       (45,11)
43                       (45,11)
44                       (45,11)
46                       (45,11)
47                       (45,11)
48                       (45,11)
49                       (45,11)
-----------------------------------
Forwarding Table for Node 46:
Destination Node      Outgoing Link
0                       (46,11)
1                       (46,11)
2                       (46,11)
3                       (46,11)
4                       (46,11)
5                       (46,11)
6                       (46,11)
7                       (46,11)
8                       (46,11)
9                       (46,11)
10                       (46,11)
11                       (46,11)
12                       (46,11)
13                       (46,11)
14                       (46,11)
15                       (46,11)
16                       (46,11)
17                       (46,11)
18                       (46,11)
19                       (46,11)
20                       (46,11)
21                       (46,11)
22                       (46,11)
23                       (46,11)
24                       (46,11)
25                       (46,11)
26                       (46,11)
27                       (46,11)
28                       (46,11)
29                       (46,11)
30                       (46,11)
31                       (46,11)
32                       (46,11)
33                       (46,11)
34                       (46,11)
35                       (46,11)
36                       (46,11)
37                       (46,11)
38                       (46,11)
39                       (46,11)
40                       (46,11)
41                       (46,11)
42                       (46,11)
43                       (46,11)
44                       (46,11)
45                       (46,11)
47                       (46,11)
48                       (46,11)
49                       (46,11)
-----------------------------------
Forwarding Table for Node 47:
Destination Node      Outgoing Link
0                       (47,6)
1                       (47,6)
2                       (47,6)
3                       (47,6)
4                       (47,6)
5                       (47,6)
6                       (47,6)
7                       (47,6)
8                       (47,6)
9                       (47,6)
10                       (47,6)
11                       (47,6)
12                       (47,6)
13                       (47,6)
14                       (47,6)
15                       (47,6)
16                       (47,6)
17                       (47,6)
18                       (47,6)
19                       (47,6)
20                       (47,6)
21                       (47,6)
22                       (47,6)
23                       (47,6)
24                       (47,6)
25                       (47,6)
26                       (47,6)
27                       (47,6)
28                       (47,6)
29                       (47,6)
30                       (47,6)
31                       (47,6)
32                       (47,6)
33                       (47,6)
34                       (47,6)
35                       (47,6)
36                       (47,6)
37                       (47,6)
38                       (47,6)
39                       (47,6)
40                       (47,6)
41                       (47,6)
42                       (47,6)
43                       (47,6)
44                       (47,6)
45                       (47,6)
46                       (47,6)
48                       (47,6)
49                       (47,6)
-----------------------------------
Forwarding Table for Node 48:
Destination Node      Outgoing Link
0                       (48,12)
1                       (48,12)
2                       (48,12)
3                       (48,12)
4                       (48,12)
5                       (48,12)
6                       (48,12)
7                       (48,12)
8                       (48,12)
9                       (48,12)
10                       (48,12)
11                       (48,12)
12                       (48,12)
13                       (48,12)
14                       (48,12)
15                       (48,12)
16                       (48,12)
17                       (48,12)
18                       (48,12)
19                       (48,12)
20                       (48,12)
21                       (48,12)
22                       (48,12)
23                       (48,12)
24                       (48,12)
25                       (48,12)
26                       (48,12)
27                       (48,12)
28                       (48,12)
29                       (48,12)
30                       (48,12)
31                       (48,12)
32                       (48,12)
33                       (48,12)
34                       (48,12)
35                       (48,12)
36                       (48,12)
37                       (48,12)
38                       (48,12)
39                       (48,12)
40                       (48,12)
41                       (48,12)
42                       (48,12)
43                       (48,12)
44                       (48,12)
45                       (48,12)
46                       (48,12)
47                       (48,12)
49                       (48,12)
-----------------------------------
Forwarding Table for Node 49:
Destination Node      Outgoing Link
0                       (49,11)
1                       (49,11)
2                       (49,11)
3                       (49,11)
4                       (49,11)
5                       (49,11)
6                       (49,11)
7                       (49,11)
8                       (49,11)
9                       (49,11)
10                       (49,11)
11                       (49,11)
12                       (49,11)
13                       (49,11)
14                       (49,11)
15                       (49,11)
16                       (49,11)
17                       (49,11)
18                       (49,11)
19                       (49,11)
20                       (49,11)
21                       (49,11)
22                       (49,11)
23                       (49,11)
24                       (49,11)
25                       (49,11)
26                       (49,11)
27                       (49,11)
28                       (49,11)
29                       (49,11)
30                       (49,11)
31                       (49,11)
32                       (49,11)
33                       (49,11)
34                       (49,11)
35                       (49,11)
36                       (49,11)
37                       (49,11)
38                       (49,11)
39                       (49,11)
40                       (49,11)
41                       (49,11)
42                       (49,11)
43                       (49,11)
44                       (49,11)
45                       (49,11)
46                       (49,11)
47                       (49,11)
48                       (49,11)
