Results for 24/10/23 (Ping Count 10):
49,42,42,42,45,43,42,43,42,42

Results for 24/10/23 (Ping Count 20):
45,42,42,43,44,42,43,43,42,41,44,43,42,44,41,42,100,41,42,42

Results for 24/10/23 (Ping Count 30):
44,42,42,43,42,42,43,43,42,41,44,42,42,42,42,42,44,42,41,42,42,83,48,44,42,42,42,42,43,65

Results for 24/10/23 (Ping Count 40):
42,42,42,42,45,43,42,43,42,42,44,43,42,44,41,42,100,42,42,42,42,90,47,42,42,41,42,42,43,65,60,42,95,89,41,104,43,42,41,42

Results for 24/10/23 (Ping Count 50):
45,42,42,43,44,42,43,43,42,41,43,42,42,42,42,42,44,42,41,42,42,83,48,44,41,42,42,42,43,65,60,42,95,97,49,60,43,42,43,42,44,42,42,44,42,42,45,42,43,42

Results for 24/10/23 (Ping Count 60):
45,42,42,43,44,42,43,43,42,42,44,42,42,42,42,42,44,42,41,42,41,83,48,44,42,42,42,42,43,65,60,42,95,97,49,51,43,42,43,42,44,42,42,44,42,42,41,42,42,44,42,42,42,43,43,45,43,42,42,41

Results for 24/10/23 (Ping Count 70):
49,42,42,42,45,43,42,43,42,42,44,43,42,44,41,42,100,42,42,42,42,90,47,42,42,42,42,42,43,65,60,42,95,97,49,60,43,42,43,42,44,42,42,44,42,42,45,42,43,41,42,41,42,44,43,44,42,42,43,41,44,42,43,42,42,42,41,41,42,41

Results for 24/10/23 (Ping Count 80):
44,42,42,42,45,43,41,43,42,42,43,43,41,41,41,42,90,42,42,42,42,90,47,42,42,42,42,42,43,65,60,42,95,97,49,51,43,42,43,42,44,42,42,44,42,42,41,42,42,44,42,42,42,43,42,45,43,42,41,41,42,43,42,42,42,42,42,42,42,42,42,41,42,42,42,41,42,42,42,41

Results for 24/10/23 (Ping Count 90):
45,42,42,43,44,42,43,43,42,42,44,43,42,44,41,42,100,42,42,42,42,83,47,41,42,41,41,41,42,44,46,42,66,57,68,71,41,42,42,41,41,41,42,42,42,43,42,41,41,42,42,41,42,42,42,42,42,42,42,41,41,43,42,42,42,41,42,41,42,41,42,41,41,42,41,42,41,41,42,41,41,41,42,42,45,41,41,41,42,42

Results for 24/10/23 (Ping Count 100):
44,42,42,42,43,43,42,43,42,42,44,43,42,42,41,42,100,42,42,42,42,83,47,42,42,42,42,42,43,65,60,42,95,97,49,60,43,42,43,42,44,42,42,44,42,42,42,42,42,41,42,41,41,44,43,44,42,41,42,41,44,42,43,42,42,42,42,41,42,42,41,41,41,42,42,41,42,41,42,44,41,43,42,41,42,41,41,41,41,41,42,42,74,94,41,54,42,42,42,41

Results for 25/10/23 (Ping Count 10):
42,42,42,42,42,42,42,43,42,42

Results for 25/10/23 (Ping Count 20):
42,42,43,42,42,42,42,43,42,41,43,42,43,43,43,42,42,41,42,42

Results for 25/10/23 (Ping Count 30):
42,42,43,42,42,42,42,43,42,41,43,42,43,43,43,41,42,41,42,42,42,42,42,41,42,41,42,42,42,42

Results for 25/10/23 (Ping Count 40):
41,42,43,42,42,42,42,43,42,41,43,42,43,43,43,42,42,41,42,42,42,42,42,41,42,41,42,42,42,42,46,42,42,42,41,42,41,42,41,42

Results for 25/10/23 (Ping Count 50):
42,42,42,42,42,42,42,42,43,42,42,42,43,42,42,42,42,41,42,42,46,41,45,41,42,41,42,42,42,42,46,42,42,42,42,42,41,42,41,41,42,42,42,42,42,42,42,42,43,42

Results for 25/10/23 (Ping Count 60):
41,42,43,42,42,42,42,43,42,42,42,42,43,43,43,42,42,41,42,42,42,41,42,41,42,41,42,42,42,42,46,42,42,42,42,42,41,42,41,42,42,42,42,42,42,42,42,42,43,42,42,42,42,42,42,42,42,42,43,42

Results for 25/10/23 (Ping Count 70):
41,42,43,42,42,42,42,43,42,41,43,42,43,43,43,42,42,41,42,42,42,42,42,41,42,41,42,42,42,42,46,42,42,42,42,42,41,42,41,42,42,42,42,42,42,42,42,42,43,42,42,42,42,42,42,42,42,42,43,42,42,41,42,42,42,41,42,42,42,42

Results for 25/10/23 (Ping Count 80):
41,42,43,42,42,42,42,43,42,41,43,42,43,43,43,42,42,41,42,42,42,41,42,41,42,41,42,42,42,42,46,42,42,42,42,42,41,42,41,42,42,42,42,42,42,42,42,42,43,42,42,42,42,42,42,42,42,42,43,42,42,41,42,42,42,41,42,42,43,42,42,42,42,42,42,42,42,42,42,42

Results for 25/10/23 (Ping Count 90):
41,42,43,42,42,42,42,43,42,41,43,42,43,43,43,42,42,41,42,42,42,41,42,41,42,41,42,42,42,42,46,42,42,42,42,42,41,42,41,42,42,42,42,42,42,42,42,42,43,42,42,42,42,42,42,42,42,41,43,42,42,41,42,42,42,41,42,42,42,42,42,42,42,42,42,42,42,42,42,42,43,42,42,42,42,42,43,43,42,42

Results for 25/10/23 (Ping Count 100):
42,42,42,42,42,42,42,42,43,42,42,42,43,42,42,42,42,41,42,42,46,41,45,42,42,41,42,42,42,42,46,42,42,42,42,42,42,42,41,42,42,42,42,42,42,42,42,42,43,42,42,42,42,42,42,42,41,42,43,42,42,41,42,42,42,41,42,42,42,42,42,42,42,42,42,42,42,42,42,42,43,42,42,41,42,42,42,42,42,42,41,42,42,42,42,42,42,42,42,42

Results for 26/10/23 (Ping Count 10):
43,42,43,43,42,43,42,42,43,43

Results for 26/10/23 (Ping Count 20):
42,42,43,43,42,43,42,42,43,43,43,43,43,43,43,43,43,42,43,43

Results for 26/10/23 (Ping Count 30):
42,42,43,43,43,43,42,42,43,43,43,43,43,43,43,43,43,42,43,43,42,43,43,43,43,43,43,44,43,43

Results for 26/10/23 (Ping Count 40):
42,42,43,43,42,43,42,42,43,43,43,43,43,43,43,43,43,42,43,43,43,43,43,42,44,43,44,44,43,42,43,43,43,44,43,44,43,44,44,44

Results for 26/10/23 (Ping Count 50):
42,43,43,43,43,43,42,42,43,43,43,43,43,43,43,43,43,43,43,43,43,43,43,42,43,43,44,44,43,42,43,43,43,44,43,44,43,44,44,44,43,43,44,43,44,43,43,44,44,43

Results for 26/10/23 (Ping Count 60):
42,42,43,43,42,43,42,42,43,43,43,43,43,43,43,43,43,42,43,43,42,43,43,42,43,43,44,44,43,42,43,43,43,44,43,44,43,44,44,44,43,43,44,43,44,43,44,43,43,43,43,43,44,45,43,43,43,43,43,43

Results for 26/10/23 (Ping Count 70):
43,42,43,43,43,43,42,42,43,43,43,43,43,43,43,43,43,43,43,43,43,43,43,43,43,44,43,44,44,43,43,43,44,43,42,44,42,44,44,44,43,43,44,43,44,43,43,44,44,43,43,43,43,43,43,44,43,43,43,43,43,43,43,43,43,43,43,42,43,44

Results for 26/10/23 (Ping Count 80):
42,42,43,43,43,43,42,42,43,43,43,43,43,43,43,43,43,43,43,43,43,43,43,43,43,43,44,44,43,42,43,43,43,44,43,44,43,44,44,44,44,43,44,43,44,43,44,43,43,43,43,43,44,45,43,43,43,43,43,43,43,43,44,43,43,43,43,42,43,43,43,43,42,44,43,43,43,42,43,43

Results for 26/10/23 (Ping Count 90):
42,42,43,43,43,43,42,42,43,43,43,43,43,43,43,43,43,43,43,43,42,43,43,42,43,43,44,44,43,42,43,43,43,44,43,44,43,44,44,44,43,43,44,43,44,43,44,43,43,43,44,43,44,44,43,43,43,43,43,43,43,44,43,43,43,43,43,43,43,44,43,43,44,43,43,43,43,42,42,43,44,43,43,44,44,43,44,43,43,43

Results for 26/10/23 (Ping Count 100):
43,43,43,43,43,43,43,43,43,43,43,43,43,43,43,43,43,42,43,43,42,43,43,42,43,44,44,44,43,42,43,43,43,44,43,44,43,44,44,44,43,43,44,43,44,43,44,43,43,43,43,43,44,45,43,43,43,43,43,43,43,43,43,43,43,43,43,43,43,44,43,43,44,44,43,44,42,42,42,42,44,43,43,44,44,44,44,43,43,44,44,44,43,43,43,43,43,44,43,44

Results for 27/10/23 (Ping Count 10):
41,44,44,45,45,45,43,45,46,50

Results for 27/10/23 (Ping Count 20):
41,44,44,45,45,45,43,45,46,50,43,44,43,41,42,43,42,42,100,45

Results for 27/10/23 (Ping Count 30):
42,44,44,45,45,45,43,45,46,50,44,44,43,42,42,43,42,42,100,45,44,45,43,44,44,42,50,66,43,42

Results for 27/10/23 (Ping Count 40):
43,44,44,45,45,45,43,45,46,50,44,44,43,42,42,43,41,42,100,45,44,45,43,44,44,42,50,66,43,42,42,44,43,44,50,68,42,68,68,62

Results for 27/10/23 (Ping Count 50):
42,44,44,45,45,45,43,45,46,50,43,44,43,41,42,43,42,43,100,45,44,45,43,44,44,42,50,66,43,42,42,44,43,44,50,68,42,68,68,62,42,42,42,43,42,43,42,42,42,42

Results for 27/10/23 (Ping Count 60):
42,42,44,45,45,45,43,45,46,50,44,44,43,42,42,43,42,42,100,45,44,45,43,44,44,42,50,66,43,42,42,44,43,44,44,68,42,68,68,78,44,43,46,43,45,44,44,44,44,43,43,43,44,46,43,112,42,44,43,44

Results for 27/10/23 (Ping Count 70):
42,44,44,45,45,45,42,45,46,50,43,44,43,41,42,43,42,42,100,45,44,45,43,43,44,42,50,66,43,42,42,44,43,44,50,68,42,68,68,78,43,43,42,43,45,44,44,44,43,43,43,43,44,46,43,109,42,44,42,44,43,42,46,42,42,45,42,42,44,41

Results for 27/10/23 (Ping Count 80):
42,44,44,45,45,45,43,45,46,50,44,44,43,41,41,43,41,42,100,45,44,46,43,44,44,42,50,66,43,42,42,44,43,44,50,68,42,68,68,62,42,42,42,43,42,42,42,42,42,42,41,42,42,45,42,96,46,42,42,41,49,42,43,42,42,44,44,42,42,42,44,48,42,111,127,42,51,42,42,42

Results for 27/10/23 (Ping Count 90):
42,44,44,45,45,45,43,45,46,50,43,44,43,42,42,43,42,42,100,45,44,45,43,44,44,41,50,66,43,42,42,44,43,44,50,68,42,68,68,62,42,42,42,43,42,43,42,42,42,42,44,42,42,42,41,80,44,42,43,41,44,42,41,42,42,41,43,49,42,42,44,47,42,111,135,42,42,41,44,44,53,43,44,79,44,43,44,43,43,43

Results for 27/10/23 (Ping Count 100):
41,44,44,45,45,45,43,45,46,50,43,44,43,42,42,43,41,42,100,45,44,45,43,44,44,44,46,75,43,42,42,44,43,44,50,68,42,68,68,62,42,42,42,43,42,43,42,42,42,42,44,42,42,42,42,80,44,42,43,42,44,42,43,42,42,44,44,42,42,42,44,48,42,111,127,42,51,42,42,42,43,42,42,63,42,42,42,41,42,42,43,44,43,41,43,43,43,42,43,43