Results for 24/10/23 (Ping Count 10):
91,80,94,96,73,74,78,109,92,89

Results for 24/10/23 (Ping Count 20):
81,87,94,92,211,78,92,91,83,98,77,79,104,87,72,92,103,87,73,109

Results for 24/10/23 (Ping Count 30):
116,93,74,80,92,90,83,101,88,72,91,76,121,79,109,88,74,75,93,90,106,82,96,77,101,102,93,87,118,132

Results for 24/10/23 (Ping Count 40):
81,79,76,93,95,119,100,76,97,94,85,110,81,89,100,145,87,78,101,90,73,81,96,102,76,81,97,86,105,82,85,171,90,99,93,98,115,94,94,72

Results for 24/10/23 (Ping Count 50):
95,99,80,99,88,80,92,156,106,116,72,91,121,95,78,72,76,90,97,74,90,98,84,77,81,172,73,85,77,100,88,76,99,87,100,80,72,85,86,75,85,92,171,73,105,93,98,167,151,130

Results for 24/10/23 (Ping Count 60):
114,72,91,120,96,78,73,77,90,98,75,92,98,83,77,81,142,74,87,77,76,107,82,76,80,93,111,78,90,95,113,95,94,167,74,73,98,108,215,77,121,121,92,90,188,92,571,264,96,85,94,90,84,97,108,73,134,129,78,106

Results for 24/10/23 (Ping Count 70):
95,123,107,94,73,104,78,83,82,101,122,116,98,93,96,157,101,82,74,91,121,100,91,94,74,90,91,72,79,91,76,75,130,81,81,76,124,230,87,85,78,107,108,157,73,586,280,112,100,95,103,99,112,80,105,118,159,107,93,82,84,133,75,75,109,199,73,388,146,204

Results for 24/10/23 (Ping Count 80):
81,82,103,76,101,91,76,101,96,74,94,79,73,88,73,106,71,78,131,120,94,102,101,183,98,92,103,79,74,102,387,89,78,84,81,89,105,88,107,94,203,127,110,132,167,83,173,247,185,94,127,147,235,162,183,216,128,115,123,148,150,226,108,82,96,191,210,111,89,133,253,205,177,82,120,102,82,73,80,76

Results for 24/10/23 (Ping Count 90):
99,81,156,89,124,90,236,72,88,88,102,94,107,99,95,90,99,98,76,87,98,83,81,98,90,88,78,126,81,99,96,85,102,78,132,92,648,147,90,101,75,99,116,96,100,83,254,117,112,101,98,159,98,115,93,86,194,104,237,97,161,128,193,104,91,101,119,100,79,93,109,91,78,106,88,82,86,90,121,112,90,79,81,88,99,91,143,88,192,93

Results for 24/10/23 (Ping Count 100):
132,134,113,108,74,188,98,79,74,84,108,76,101,94,76,90,93,73,79,91,76,75,193,82,81,74,120,230,87,99,79,108,105,128,73,241,104,112,106,95,104,99,110,80,105,167,169,109,94,83,84,134,76,75,102,89,72,413,146,204,83,161,95,89,247,79,97,113,95,95,86,113,159,154,72,99,74,110,76,125,74,78,84,97,96,145,125,131,95,462,114,105,92,134,97,126,113,92,83,85

Results for 25/10/23 (Ping Count 10):
72,72,71,71,71,72,72,71,77,72

Results for 25/10/23 (Ping Count 20):
77,71,71,71,71,72,72,73,72,71,72,77,73,72,72,73,78,72,72,72

Results for 25/10/23 (Ping Count 30):
71,72,71,72,72,78,73,78,77,72,77,72,73,78,72,71,78,78,72,72,72,71,71,71,72,71,72,72,72,72

Results for 25/10/23 (Ping Count 40):
72,72,72,72,73,73,72,73,77,71,72,72,73,71,72,77,72,78,77,72,71,72,71,73,77,72,71,78,73,72,71,72,78,72,72,72,78,91,72,72

Results for 25/10/23 (Ping Count 50):
72,78,72,73,72,78,78,71,77,77,77,72,72,72,72,72,73,73,78,73,78,73,71,73,73,72,72,71,72,72,71,72,72,72,77,72,71,73,73,71,71,78,72,72,71,72,78,72,72,72

Results for 25/10/23 (Ping Count 60):
72,71,71,73,73,72,78,72,77,71,72,78,71,78,73,72,72,72,78,73,72,71,78,77,72,72,72,71,72,71,71,71,78,78,72,72,72,78,72,77,72,72,73,72,72,73,72,78,77,72,71,77,71,73,72,72,72,78,72,72

Results for 25/10/23 (Ping Count 70):
72,72,77,71,77,71,72,71,72,72,78,72,71,73,71,72,71,72,78,72,77,72,72,72,72,72,72,71,72,78,72,73,78,77,72,77,72,78,72,71,72,77,71,71,73,73,78,77,72,71,71,71,71,77,71,71,71,72,72,71,78,72,72,73,71,71,71,77,71,71

Results for 25/10/23 (Ping Count 80):
72,72,73,71,73,78,72,71,78,71,72,72,77,78,77,78,73,71,72,72,71,73,78,72,78,71,72,72,72,77,71,72,72,78,72,72,72,72,72,71,71,72,71,77,71,72,71,72,71,72,72,71,77,71,71,72,80,71,77,72,78,72,78,78,71,71,78,71,71,77,77,78,78,72,72,72,78,72,78,77

Results for 25/10/23 (Ping Count 90):
74,72,72,78,78,72,72,71,78,72,72,71,77,72,72,77,78,72,71,72,78,72,78,72,72,72,78,72,78,77,71,72,72,72,72,78,72,77,72,77,71,72,71,73,72,78,71,78,71,78,73,71,71,72,71,78,77,78,71,73,72,78,72,73,71,77,73,71,71,71,72,71,78,72,72,73,73,78,73,71,72,72,78,72,71,73,73,72,78,72

Results for 25/10/23 (Ping Count 100):
77,71,71,72,77,72,78,73,72,72,72,77,73,78,72,77,71,72,78,71,73,72,72,72,78,78,72,72,72,71,71,72,72,71,77,72,72,72,78,72,71,71,71,80,78,72,72,71,72,72,71,71,77,72,71,72,72,71,72,78,73,72,73,71,72,72,77,71,77,71,72,71,78,77,78,78,78,77,72,78,72,71,71,78,77,78,72,72,78,72,78,73,71,73,78,71,72,73,71,73

Results for 26/10/23 (Ping Count 10):
73,73,72,73,73,74,73,73,73,74

Results for 26/10/23 (Ping Count 20):
72,73,73,73,72,72,73,74,73,73,73,74,72,73,72,74,74,72,72,73

Results for 26/10/23 (Ping Count 30):
73,73,73,74,74,73,72,73,74,74,73,73,73,74,74,72,73,74,74,74,73,73,73,72,73,73,74,74,73,73

Results for 26/10/23 (Ping Count 40):
73,72,74,73,74,74,74,73,73,74,72,73,74,73,74,73,73,73,73,74,73,73,73,74,73,72,73,79,73,73,72,73,73,73,73,72,73,74,74,74

Results for 26/10/23 (Ping Count 50):
73,73,73,73,73,74,73,73,73,73,73,73,72,73,72,73,73,74,73,72,73,74,73,73,73,73,73,72,73,73,73,73,73,73,72,73,72,72,73,72,73,73,73,73,73,73,73,73,73,75

Results for 26/10/23 (Ping Count 60):
72,74,72,73,72,74,74,72,73,73,72,74,73,73,73,74,73,73,74,72,72,73,74,73,73,72,74,73,72,73,73,72,74,74,72,73,72,74,73,72,74,74,73,73,72,74,72,73,72,74,72,73,73,73,74,74,73,73,73,74

Results for 26/10/23 (Ping Count 70):
73,73,73,74,72,72,73,74,73,73,74,74,73,73,73,73,74,74,73,74,74,79,74,72,73,76,74,74,72,72,72,72,72,73,73,73,73,73,74,73,73,73,74,73,74,73,72,74,74,72,75,73,74,74,73,73,73,73,72,74,74,73,73,73,73,73,73,73,74,73

Results for 26/10/23 (Ping Count 80):
73,73,74,74,73,73,74,74,73,73,73,74,72,72,73,73,74,73,73,74,74,73,73,73,74,73,74,73,73,73,73,73,73,74,74,73,73,73,74,73,73,84,74,73,73,72,73,74,73,72,73,73,73,73,73,73,73,73,74,73,74,74,73,73,72,73,73,73,73,73,73,72,73,72,73,73,73,73,73,73

Results for 26/10/23 (Ping Count 90):
72,74,74,73,73,74,74,73,73,73,72,72,73,73,74,74,73,73,73,74,74,73,72,73,73,73,73,73,73,73,73,73,73,74,73,73,74,73,73,73,73,74,73,74,73,73,73,74,73,72,73,73,73,73,72,73,74,73,73,74,72,73,72,72,73,73,73,74,73,72,72,72,73,73,73,73,73,74,72,72,72,72,73,72,77,72,72,72,73,73

Results for 26/10/23 (Ping Count 100):
72,74,72,72,73,74,74,73,74,73,73,73,79,74,72,73,73,74,73,74,72,73,73,74,72,73,72,73,73,73,73,74,74,73,73,73,73,72,73,73,74,74,72,72,73,73,72,72,73,73,74,74,72,72,72,74,74,74,73,72,73,73,73,73,74,73,74,74,73,72,73,73,73,72,72,74,72,74,72,74,72,72,72,73,73,72,73,72,73,73,74,73,74,73,72,73,73,73,72,74

Results for 27/10/23 (Ping Count 10):
73,72,73,73,73,72,73,73,73,72

Results for 27/10/23 (Ping Count 20):
72,73,73,73,73,72,72,73,72,73,72,72,72,72,72,73,72,73,73,72

Results for 27/10/23 (Ping Count 30):
73,73,75,73,73,73,72,73,72,72,72,73,72,73,73,73,74,73,73,73,73,73,73,72,73,73,73,73,72,75

Results for 27/10/23 (Ping Count 34):
73,72,72,72,73,72,73,72,73,72,72,73,73,72,74,73,73,72,72,72,73,73,73,72,73,73,72,72,73,73,72,72,73,72

Results for 27/10/23 (Ping Count 43):
73,79,72,73,73,73,73,73,73,72,73,74,74,72,73,72,72,73,73,72,72,74,72,73,73,73,73,73,73,73,77,73,73,72,73,73,73,72,72,73,72,73,73

Results for 27/10/23 (Ping Count 53):
72,73,73,73,72,72,73,72,72,73,72,73,72,72,72,73,72,72,72,73,72,72,74,72,72,73,72,73,73,73,72,72,73,72,72,72,72,73,72,72,73,72,73,73,73,73,72,72,72,73,72,72,72

Results for 27/10/23 (Ping Count 63):
73,73,73,73,74,73,74,73,72,72,72,72,72,73,73,74,74,73,73,74,72,72,73,72,72,71,72,71,73,72,72,72,72,73,73,73,73,72,72,72,73,72,72,72,73,72,73,72,72,73,72,73,73,73,73,73,74,73,73,73,73,73,73

Results for 27/10/23 (Ping Count 71):
73,73,73,73,74,74,74,72,73,72,73,74,73,72,73,72,74,73,73,73,73,73,73,73,72,72,72,71,73,72,72,73,72,73,73,72,72,73,73,72,73,72,73,73,72,72,73,72,84,72,72,72,73,72,73,73,73,73,73,73,72,73,73,73,73,73,72,73,73,73,114

Results for 27/10/23 (Ping Count 81):
72,72,73,73,74,73,73,73,72,73,72,74,73,73,72,73,73,72,72,72,72,74,73,73,72,72,72,72,72,72,72,72,72,73,73,73,73,72,72,72,73,72,72,72,73,72,73,72,79,73,72,73,73,73,73,73,74,73,72,73,73,73,73,73,73,73,72,73,73,73,72,72,73,72,72,73,73,73,73,73,73

Results for 27/10/23 (Ping Count 88):
73,73,72,74,73,73,72,72,72,73,72,72,74,72,73,73,72,72,72,72,72,73,72,73,71,72,72,73,73,72,73,73,73,73,72,72,73,72,72,73,72,73,73,72,72,73,72,84,72,72,72,73,72,73,72,73,73,72,73,72,73,73,73,73,73,81,73,72,73,72,73,73,73,73,73,73,73,73,73,73,73,72,73,73,73,78,76,72