Results for 24/10/23 (Ping Count 10):
14,26,20,36,4,5,5,30,33,7

Results for 24/10/23 (Ping Count 20):
28,14,7,118,29,24,71,14,26,5,23,27,4,12,33,81,46,5,114,6

Results for 24/10/23 (Ping Count 30):
9,25,31,100,19,8,55,8,37,56,6,16,27,85,19,125,47,25,112,79,50,76,72,92,11,55,12,61,31,58

Results for 24/10/23 (Ping Count 40):
35,76,65,120,62,62,29,99,100,43,33,5,14,85,46,101,40,13,98,63,32,58,87,91,4,55,10,61,31,58,38,60,26,82,116,58,9,88,62,121

Results for 24/10/23 (Ping Count 50):
52,76,67,120,62,61,29,99,100,43,33,5,5,85,46,101,45,12,98,63,32,58,86,91,4,55,12,61,31,58,33,60,28,88,16,64,14,23,34,54,97,106,44,111,67,102,79,66,91,83

Results for 24/10/23 (Ping Count 60):
22,41,25,74,20,15,84,42,40,49,15,10,13,19,5,22,66,17,19,64,63,84,9,21,75,11,34,58,9,51,6,17,4,75,18,5,21,46,23,105,7,23,13,29,24,26,26,9,4,9,17,27,19,6,5,22,34,6,10,39

Results for 24/10/23 (Ping Count 69):
80,38,36,34,40,21,53,47,48,51,96,76,115,36,52,107,11,29,25,6,83,35,48,34,108,52,39,36,79,17,137,34,46,31,46,37,41,9,25,20,21,43,18,8,24,18,14,25,26,25,40,9,23,37,25,13,7,38,6,10,5,36,49,7,28,7,28,23,10

Results for 24/10/23 (Ping Count 79):
72,36,36,35,40,21,53,47,48,51,95,75,115,36,52,107,11,29,25,5,83,36,48,35,109,52,40,39,79,17,135,34,48,39,57,50,51,15,30,27,26,47,23,12,29,25,14,25,26,25,40,9,23,37,25,13,6,38,9,6,5,36,53,7,28,7,28,27,7,10,29,8,35,12,7,53,100,63,17

Results for 24/10/23 (Ping Count 89):
99,76,114,36,51,107,11,25,25,6,83,35,48,34,109,52,39,39,79,17,137,34,47,31,46,40,41,8,24,20,21,43,18,8,24,18,14,25,26,25,40,9,23,37,25,13,7,38,6,6,5,36,42,7,28,5,28,27,9,10,29,9,35,11,7,57,100,63,16,45,7,77,74,11,85,25,6,21,7,33,31,6,5,26,5,50,10,20,122

Results for 24/10/23 (Ping Count 100):
80,79,102,26,39,95,11,29,25,6,83,36,47,35,109,52,39,39,79,17,137,34,46,39,52,43,41,9,24,20,21,43,18,8,24,22,14,25,26,31,32,22,59,48,34,5,76,23,26,31,6,5,107,39,12,8,23,24,87,30,16,6,31,40,15,12,23,10,12,14,5,26,61,6,44,15,10,5,35,38,37,6,12,7,23,7,17,24,23,23,83,5,24,52,96,40,21,28,23,26

Results for 24/10/23 (Ping Count 10):
8,4,4,4,5,4,4,4,4,4

Results for 25/10/23 (Ping Count 20):
4,4,3,5,4,4,4,3,5,4,4,4,4,4,4,4,4,4,4,4

Results for 25/10/23 (Ping Count 30):
4,4,4,5,5,6,4,4,4,4,3,4,4,4,3,4,4,4,5,4,4,4,4,4,4,5,4,4,4,4

Results for 25/10/23 (Ping Count 40):
4,4,4,4,4,4,4,4,4,4,4,4,3,4,4,4,4,4,4,4,4,4,4,4,5,4,4,4,4,4,4,4,5,4,15,4,4,4,16,4

Results for 25/10/23 (Ping Count 50):
4,4,4,4,5,4,4,3,4,4,4,4,4,4,4,4,4,4,5,4,5,4,4,4,5,4,4,4,4,4,4,4,4,3,3,4,4,4,23,4,4,4,4,4,4,4,4,4,4,7

Results for 25/10/23 (Ping Count 60):
4,4,4,4,4,4,4,4,4,4,4,4,4,4,4,4,4,4,4,4,4,4,4,4,4,4,4,4,5,4,4,4,5,3,3,4,4,4,23,4,4,4,4,4,4,4,4,4,4,7,4,4,4,5,4,4,4,4,4,4

Results for 25/10/23 (Ping Count 70):
4,4,4,4,4,4,5,4,4,5,6,4,4,4,3,4,4,4,4,4,5,6,4,4,4,31,4,4,4,4,5,4,4,4,5,4,5,4,4,4,6,4,4,4,5,4,4,4,4,4,4,4,5,4,4,4,4,4,4,4,4,4,4,4,4,4,4,4,5,4

Results for 25/10/23 (Ping Count 80):
3,4,4,3,4,4,4,4,5,4,4,4,4,4,4,5,4,4,4,4,4,4,4,5,3,15,4,4,4,16,4,4,4,4,5,4,5,4,4,4,6,4,4,4,5,4,4,4,4,4,4,4,5,4,4,4,4,4,4,4,4,4,4,4,4,4,4,5,5,4,5,5,5,4,4,4,4,4,4,5

Results for 25/10/23 (Ping Count 90):
4,5,5,4,4,4,4,4,4,5,4,4,4,4,4,4,4,4,4,6,4,4,5,4,4,4,5,5,4,5,4,4,4,3,4,4,4,4,4,7,6,4,4,4,4,4,5,5,4,4,4,4,4,4,4,4,4,4,4,4,8,4,4,4,4,4,4,5,4,5,4,4,5,4,4,4,4,4,4,4,4,4,4,4,4,4,4,4,4,4

Results for 25/10/23 (Ping Count 100):
4,4,4,4,4,4,4,4,4,5,4,4,4,5,3,3,4,4,4,23,3,4,4,4,4,4,4,4,4,4,7,4,4,4,5,4,4,4,4,5,4,4,4,4,4,4,4,4,4,4,4,4,4,5,4,4,5,5,4,5,3,4,4,5,4,4,4,4,4,4,5,5,5,4,4,5,4,4,4,4,4,4,4,4,4,4,4,4,4,4,4,4,4,4,5,4,5,4,5,4

Results for 26/10/23 (Ping Count 10):
3,5,4,4,5,4,4,4,3,4

Results for 26/10/23 (Ping Count 20):
4,4,4,4,4,4,4,4,3,4,4,4,4,4,4,6,4,5,4,4

Results for 26/10/23 (Ping Count 30):
4,11,4,4,4,4,4,4,3,4,4,3,4,4,4,6,4,5,4,4,4,4,4,4,4,4,4,4,4,3

Results for 26/10/23 (Ping Count 40):
4,4,4,4,4,4,4,4,4,4,4,4,4,4,4,6,4,5,4,4,4,4,4,4,6,4,4,4,4,3,4,4,5,4,6,4,5,4,5,4

Results for 26/10/23 (Ping Count 50):
4,4,4,4,4,4,4,4,4,4,4,4,4,4,4,6,4,5,4,4,4,4,4,4,6,4,4,4,4,3,4,4,5,4,6,4,5,4,5,4,4,3,4,4,5,4,3,3,4,4

Results for 26/10/23 (Ping Count 60):
4,4,4,4,4,3,4,4,4,4,4,4,4,4,4,4,4,4,4,4,3,4,4,4,4,4,4,4,4,4,4,8,4,4,5,63,4,4,4,4,4,4,4,4,4,4,4,4,4,4,4,4,4,4,5,4,4,4,4,4

Results for 26/10/23 (Ping Count 70):
5,4,4,4,4,4,6,4,5,4,4,4,4,4,4,6,4,4,4,4,3,4,4,5,4,6,4,5,4,5,4,4,3,4,4,5,4,3,3,4,4,4,4,4,4,4,4,4,4,4,4,4,4,4,4,4,4,4,4,4,4,4,4,4,4,4,4,3,4,4

Results for 26/10/23 (Ping Count 80):
4,4,4,4,4,4,5,4,4,4,4,4,4,4,4,4,4,3,4,4,4,4,5,5,3,5,4,5,4,4,4,4,4,4,4,5,4,3,4,4,4,4,4,4,4,4,4,4,4,4,3,4,4,4,4,4,4,4,4,4,4,4,3,4,4,4,4,4,4,4,4,4,4,4,4,4,4,4,4,4

Results for 26/10/23 (Ping Count 90):
3,3,4,4,4,4,4,4,4,4,4,4,8,4,4,5,3,4,4,4,4,4,4,4,4,4,4,4,4,4,4,4,4,4,4,4,4,4,4,4,4,4,4,4,4,4,4,4,4,4,3,4,4,4,3,4,4,4,4,4,3,4,4,4,3,4,4,4,4,4,4,4,4,3,4,5,4,4,4,4,4,4,4,4,3,4,4,4,9,4

Results for 26/10/23 (Ping Count 100):
4,3,4,4,4,4,4,4,4,4,4,4,8,4,4,5,3,4,4,4,3,4,4,4,4,4,4,4,4,4,4,4,4,4,4,4,4,4,4,4,4,4,4,4,4,4,4,4,4,4,4,4,4,4,3,4,4,4,4,4,3,4,4,4,3,4,4,4,4,4,4,4,4,4,4,4,4,4,4,4,4,4,4,4,4,4,4,4,3,5,4,4,4,4,10,4,5,5,5,4

Results for 27/10/23 (Ping Count 10):
3,4,3,4,4,4,4,3,4,5

Results for 27/10/23 (Ping Count 20):
3,4,4,4,4,4,4,4,4,4,4,4,4,4,4,5,5,3,4,4

Results for 27/10/23 (Ping Count 30):
4,4,4,4,4,3,3,4,4,4,4,4,4,4,4,4,4,4,4,4,4,4,3,4,4,4,4,4,4,5

Results for 27/10/23 (Ping Count 40):
4,4,4,4,4,4,4,4,4,4,4,4,4,4,4,3,3,4,4,4,4,4,3,3,4,4,4,4,4,6,4,4,4,4,4,4,4,4,4,5

Results for 27/10/23 (Ping Count 50):
4,4,4,4,4,4,4,4,4,3,4,4,4,4,5,3,4,4,3,4,4,6,4,4,4,4,5,4,4,4,3,4,4,3,4,4,4,4,4,5,4,4,4,4,4,4,4,4,4,4

Results for 27/10/23 (Ping Count 60):
4,4,4,4,4,4,4,4,4,4,3,4,4,4,4,5,4,3,4,5,4,3,4,3,5,4,4,4,4,5,4,4,4,5,4,5,5,4,4,4,4,4,4,4,4,4,4,4,4,5,3,4,4,4,4,4,4,4,4,4

Results for 27/10/23 (Ping Count 70):
4,4,4,4,4,5,3,4,4,4,4,4,6,4,4,4,4,4,4,4,5,4,4,4,4,4,4,4,4,4,5,4,4,4,4,4,4,4,4,4,4,4,7,4,4,3,4,5,4,4,4,4,4,5,5,4,4,3,4,4,4,4,4,4,4,4,4,4,4,4

Results for 27/10/23 (Ping Count 80):
4,3,4,4,4,4,5,4,3,4,5,4,4,4,4,5,4,4,4,4,5,4,4,4,5,4,5,5,4,4,4,4,4,4,4,4,4,4,4,4,5,3,4,4,4,4,4,4,4,4,4,4,4,4,4,4,3,4,4,4,5,4,3,4,4,4,4,4,4,4,4,4,4,4,4,4,4,4,4,8

Results for 27/10/23 (Ping Count 90):
4,4,4,4,4,4,4,4,4,4,5,4,4,4,4,4,4,4,4,4,5,4,4,4,4,4,4,4,4,4,4,4,7,4,4,3,4,4,4,4,4,4,4,5,5,4,4,3,4,4,4,4,4,4,4,4,4,4,4,4,4,4,4,4,4,5,4,4,4,3,4,4,4,4,4,5,4,4,3,4,4,4,4,4,4,4,4,4,4,3

Results for 27/10/23 (Ping Count 100):
3,4,5,4,4,5,4,4,4,4,5,4,4,4,5,4,5,5,4,4,4,4,4,4,4,4,4,4,4,4,4,4,5,4,4,4,4,4,4,4,4,4,4,4,4,3,4,4,4,4,5,4,3,4,4,4,4,4,4,4,4,4,4,4,4,4,3,4,4,6,5,4,4,4,4,6,4,3,3,4,4,4,4,4,4,4,3,4,4,3,4,4,4,4,3,4,4,3,9,12