Results for sabah (Ping Count 10):
187,187,187,187,188,187,218,227,243,188

Results for sabah (Ping Count 20):
187,187,187,205,205,236,265,187,187,187,188,187,187,190,187,187,187,187,187,187

Results for sabah (Ping Count 30):
223,187,188,187,187,188,187,188,191,187,188,187,187,187,187,191,187,187,187,187,187,188,187,187,189,187,188,187,187,187

Results for sabah (Ping Count 40):
187,188,187,187,188,187,198,190,188,188,187,187,188,188,188,187,188,187,187,187,188,187,188,187,187,187,188,187,188,187,188,187,187,188,188,187,187,187,187,188

Results for sabah (Ping Count 50):
187,201,187,189,187,188,187,187,187,188,238,187,187,187,187,187,188,188,187,188,187,188,187,187,188,187,188,189,188,188,187,187,188,188,187,187,187,188,229,188,187,187,187,188,188,188,188,187,187,188

Results for sabah (Ping Count 60):
188,189,188,187,188,187,187,188,188,187,188,187,188,188,188,187,187,187,188,188,187,187,188,188,187,187,188,187,209,188,187,188,187,188,187,187,188,188,187,188,187,188,188,187,187,187,190,187,189,188,187,187,188,187,187,188,211,190,188,188

Results for sabah (Ping Count 70):
188,187,188,187,189,187,187,187,188,188,187,188,188,187,188,188,188,187,187,187,188,188,188,187,187,187,187,187,187,187,187,187,188,187,188,187,188,187,187,188,187,187,187,187,187,187,187,187,187,187,188,187,188,187,188,187,187,188,187,188,188,188,187,188,188,188,188,187,188,188

Results for sabah (Ping Count 80):
194,187,187,193,187,187,187,190,187,192,187,187,187,187,189,189,189,187,187,190,187,187,187,188,188,189,187,193,188,187,187,187,188,189,188,187,188,187,188,187,187,188,187,188,187,187,191,188,188,187,187,189,188,189,188,188,187,187,189,187,187,189,188,187,188,187,187,187,188,188,187,187,188,187,331,188,187,187,188,188

Results for sabah (Ping Count 90):
187,187,187,187,188,188,194,188,187,187,187,187,187,187,188,187,188,187,187,187,188,187,187,188,187,187,188,187,187,188,187,187,188,187,187,187,188,187,188,188,188,187,187,187,187,187,188,191,188,188,187,187,187,188,188,191,187,187,188,191,187,187,188,187,188,188,188,187,187,187,187,187,187,190,188,188,187,188,190,188,221,189,187,187,188,187,189,187,188,187

Results for sabah (Ping Count 100):
187,188,188,188,188,188,187,187,188,189,187,187,188,187,188,187,187,187,187,188,187,188,187,188,244,187,188,190,188,187,187,187,188,187,187,187,187,188,187,187,188,188,187,187,188,187,187,187,192,187,187,188,191,187,187,187,187,188,187,187,187,187,188,187,187,188,188,188,187,187,188,187,187,188,187,190,187,188,188,187,187,187,189,187,187,187,187,187,187,188,188,188,187,187,188,188,187,188,188,187

Results for aksam (Ping Count 10):
391,378,383,353,364,468,398,412,398,437

Results for aksam (Ping Count 20):
399,325,380,446,382,465,377,364,605,463,498,491,495,375,368,377,391,389,392,399

Results for aksam (Ping Count 29):
396,364,379,409,410,424,378,452,575,383,492,409,488,370,360,379,386,381,393,352,423,414,378,376,378,384,366,383,376

Results for aksam (Ping Count 38):
436,399,393,403,536,411,443,388,436,394,388,396,375,415,389,395,367,381,392,360,376,388,406,434,392,386,396,394,370,367,357,379,372,391,386,509,375,363

Results for aksam (Ping Count 45):
530,436,436,608,399,459,385,378,407,365,377,379,394,376,343,367,416,387,388,369,359,352,369,375,382,388,364,421,347,372,371,448,478,421,377,368,354,375,403,374,388,371,343,391,379

Results for aksam (Ping Count 54):
364,383,449,411,417,357,367,428,415,383,385,391,370,396,380,369,446,367,356,364,379,381,387,365,421,349,442,372,382,390,398,387,369,427,456,457,386,377,363,366,384,374,385,448,380,378,545,466,405,376,412,349,395,371

Results for aksam (Ping Count 63):
366,373,428,415,383,385,392,368,396,380,369,449,367,416,388,369,401,371,380,338,349,425,370,438,478,421,377,374,358,375,403,374,385,448,381,380,545,390,399,368,401,349,388,365,496,544,375,321,309,363,378,392,375,276,322,350,406,392,422,326,362,349,381

Results for aksam (Ping Count 75):
366,401,410,419,473,369,392,422,351,398,370,396,393,424,367,420,365,375,382,388,365,421,346,443,372,412,375,385,373,361,418,448,448,386,382,363,366,384,381,388,340,339,359,558,423,445,378,382,371,419,357,519,374,385,304,329,349,370,407,356,287,305,364,353,404,428,337,382,365,400,384,401,315,318,381

Results for aksam (Ping Count 85):
348,573,435,371,414,403,368,382,369,405,395,392,423,366,420,365,369,393,375,381,340,349,429,387,395,390,376,385,384,373,378,381,369,384,385,539,418,390,357,345,372,445,381,395,417,389,381,518,447,397,388,423,359,406,383,514,369,380,298,329,350,370,410,356,287,305,364,353,404,425,339,353,366,400,384,401,315,318,374,386,509,401,334,333,357

Results for aksam (Ping Count 95):
384,361,358,379,432,385,410,384,388,382,357,375,380,388,365,421,349,443,372,386,373,363,364,384,443,478,464,377,378,355,375,397,374,389,371,343,391,379,387,470,378,431,370,419,357,519,374,386,304,329,350,370,407,356,287,305,365,353,402,437,335,380,365,400,384,401,314,318,374,387,509,401,334,334,373,350,391,379,361,354,328,368,378,367,407,469,341,371,403,377,362,342,347,385,397

Results for gece (Ping Count 10):
230,228,211,250,581,206,227,209,218,217

Results for gece (Ping Count 20):
241,235,553,196,226,216,209,207,193,220,262,230,305,193,207,233,217,192,195,218

Results for gece (Ping Count 29):
197,227,199,202,209,219,314,300,208,223,244,253,226,220,213,226,210,198,208,203,228,292,221,200,229,195,204,198,222

Results for gece (Ping Count 40):
241,197,240,209,342,317,471,223,287,230,251,317,616,411,277,205,276,224,202,228,247,235,263,319,201,229,232,218,221,194,242,216,373,200,207,208,224,218,247,212

Results for gece (Ping Count 50):
226,193,211,416,246,248,259,260,217,231,653,211,247,193,193,244,225,312,280,233,527,263,237,227,212,252,219,226,202,450,211,235,205,309,196,239,216,250,293,223,201,231,222,225,217,216,214,220,192,231

Results for gece (Ping Count 59):
353,278,250,216,201,220,211,446,286,198,214,200,219,199,216,223,212,220,196,193,201,220,304,214,211,213,272,231,229,200,221,318,233,225,200,200,283,219,192,212,210,206,337,246,275,254,277,231,389,242,257,242,318,264,437,221,351,216,223

Results for gece (Ping Count 69):
223,671,210,214,233,222,196,198,209,200,259,523,226,193,243,219,253,219,227,202,450,211,235,204,309,199,239,216,226,293,223,202,231,222,225,217,216,213,213,207,220,227,223,212,220,221,206,249,219,193,205,262,195,238,291,231,205,233,212,226,195,233,200,214,208,220,214,231,207

Results for gece (Ping Count 80):
288,228,275,230,266,203,301,282,228,512,251,224,216,200,232,196,218,216,425,218,230,226,335,236,223,201,243,279,229,216,213,204,207,220,194,225,210,219,238,240,203,204,192,209,289,217,207,228,224,214,256,219,295,206,225,193,217,456,205,208,222,222,194,193,218,193,201,219,194,213,214,200,221,201,216,205,207,344,333,210

Results for gece (Ping Count 90):
239,224,210,195,227,207,218,236,200,219,207,234,223,223,194,204,377,209,212,212,209,215,197,208,216,213,292,200,232,218,202,268,237,197,214,218,215,221,272,221,222,219,283,309,199,220,205,203,216,403,215,217,198,218,194,195,324,197,224,221,297,199,257,207,225,202,209,207,212,214,199,200,239,197,193,201,368,326,203,199,217,220,213,193,211,209,199,198,202,196

Results for gece (Ping Count 100):
193,193,200,199,196,200,234,201,201,201,208,192,174,229,184,202,203,175,185,193,178,227,224,177,199,200,204,221,233,179,200,192,176,192,182,208,195,178,176,199,209,172,176,198,190,204,195,182,190,186,190,199,184,197,210,182,192,212,201,188,177,172,189,206,173,239,287,311,510,181,191,216,235,177,225,196,226,190,214,173,561,374,326,407,199,194,199,327,222,194,192,280,188,189,195,195,181,172,175,197