Results for sabah (Ping Count 10):
266,267,265,285,272,281,276,266,255,283

Results for sabah (Ping Count 20):
269,263,253,280,269,324,272,256,265,290,265,261,282,278,287,284,286,253,271,285

Results for sabah (Ping Count 29):
284,285,286,287,239,279,246,285,284,284,285,326,269,261,284,267,259,292,284,260,266,278,287,284,349,254,260,272,290

Results for sabah (Ping Count 39):
285,282,297,264,293,262,286,285,270,241,283,284,271,284,288,286,295,307,309,306,307,284,290,262,251,281,288,278,274,254,286,280,283,280,271,286,255,243,289

Results for sabah (Ping Count 49):
285,285,285,269,259,287,284,259,265,275,286,284,336,253,269,282,294,313,277,341,257,283,285,286,276,249,273,272,285,284,285,287,252,260,266,288,284,277,269,272,251,269,253,259,251,263,242,286,287

Results for sabah (Ping Count 60):
285,285,284,281,250,277,287,271,275,285,284,275,259,284,284,287,277,272,275,288,279,285,287,265,248,246,281,290,280,274,251,285,280,284,278,271,286,255,243,288,288,287,286,289,290,285,287,278,253,261,258,269,286,284,271,285,282,286,283,251

Results for sabah (Ping Count 70):
273,287,276,279,282,287,277,275,250,272,286,285,286,265,245,258,283,285,285,266,254,260,287,288,277,270,270,279,257,276,284,283,264,271,279,274,272,283,283,283,285,286,261,286,280,270,257,284,265,288,285,284,271,248,276,285,271,267,251,277,281,249,263,264,283,286,259,266,285,296

Results for sabah (Ping Count 79):
256,286,285,265,273,282,286,281,256,263,279,286,288,288,259,248,267,285,296,282,265,242,283,283,285,285,287,289,256,266,277,288,289,275,268,263,247,279,253,266,262,273,241,265,288,285,292,271,245,310,278,263,278,296,283,301,242,265,279,297,297,257,272,284,312,283,307,291,279,287,286,274,291,299,368,277,270,242,284

Results for sabah (Ping Count 90):
274,285,284,275,259,284,284,287,277,272,275,288,279,284,287,264,248,245,281,290,281,274,251,285,280,283,277,271,286,255,243,288,288,287,287,290,290,285,287,277,253,262,258,269,286,284,271,285,282,287,283,251,287,268,267,287,284,287,271,267,282,286,282,264,274,285,282,271,256,276,296,288,277,269,241,286,284,278,277,266,273,285,315,250,264,271,263,262,286,283

Results for sabah (Ping Count 99):
334,338,309,321,263,253,300,299,287,291,313,318,310,304,288,286,277,304,305,312,316,317,303,313,312,310,320,282,301,312,324,317,313,269,286,307,306,305,283,267,289,307,325,275,241,359,300,260,325,343,285,349,245,267,326,344,337,256,277,285,287,282,354,333,278,287,295,313,323,344,413,276,301,243,285,338,274,261,379,293,277,285,285,286,276,264,255,281,244,283,284,275,288,285,283,263,274,279,282

Results for aksam (Ping Count 10):
272,270,270,270,271,271,271,270,270,270

Results for aksam (Ping Count 17):
273,270,270,270,270,270,270,271,271,270,272,271,271,271,271,270,271

Results for aksam (Ping Count 27):
272,270,270,271,271,270,271,270,270,270,270,271,270,271,271,272,272,270,271,270,270,271,271,272,271,270,269

Results for aksam (Ping Count 39):
271,272,271,270,271,270,271,270,271,270,271,271,271,271,271,271,271,271,271,270,271,270,272,271,271,271,270,273,270,271,271,271,273,270,271,272,272,272,272

Results for aksam (Ping Count 45):
270,271,271,271,270,270,270,272,271,270,271,271,271,271,270,272,269,271,271,271,271,271,271,270,271,270,271,271,271,271,271,271,271,271,271,271,271,271,271,271,273,271,271,271,271

Results for aksam (Ping Count 52):
270,270,270,271,271,271,271,272,271,271,270,271,270,271,271,270,271,270,271,271,274,271,270,270,271,272,272,272,271,271,272,271,272,271,271,271,272,271,271,271,272,274,286,271,270,273,270,271,270,272,271,271

Results for aksam (Ping Count 59):
270,271,271,270,271,271,270,271,270,270,271,272,272,272,270,275,272,271,272,271,270,270,271,271,270,272,270,271,271,271,271,272,271,286,271,270,282,271,271,271,274,273,271,271,272,271,270,270,271,271,271,271,271,272,271,271,272,271,271

Results for aksam (Ping Count 74):
271,271,271,271,270,271,273,272,271,273,270,271,272,273,271,270,271,271,273,270,271,271,271,270,271,272,271,271,271,363,271,270,270,271,272,271,271,271,271,271,271,271,270,271,271,270,272,272,271,271,270,271,272,271,270,270,270,274,271,271,271,270,271,271,271,271,271,271,271,272,271,271,271,273

Results for aksam (Ping Count 84):
271,271,270,271,272,271,271,273,270,271,272,271,271,270,271,271,271,271,271,272,271,271,271,271,271,271,271,272,271,271,271,271,271,271,271,271,271,270,271,277,271,271,271,271,271,271,270,270,270,270,271,270,270,272,270,271,272,271,271,275,273,272,271,270,271,272,272,271,270,270,271,271,270,271,271,270,271,271,272,271,270,271,271,270

Results for aksam (Ping Count 92):
272,271,270,271,272,270,271,270,271,271,271,270,271,270,271,271,274,275,271,271,272,271,272,271,271,271,272,271,270,270,272,274,286,271,270,273,270,271,270,272,272,270,270,271,272,271,271,271,272,271,272,270,273,272,271,272,271,271,271,271,271,271,270,270,271,271,271,271,271,271,271,271,271,270,271,271,271,271,271,273,271,275,270,271,273,272,271,271,271,273,270,271

Results for gece (Ping Count 7):
289,294,290,289,290,289,290

Results for gece (Ping Count 12):
290,292,288,291,292,291,289,289,293,289,290,289

Results for gece (Ping Count 24):
289,290,288,290,291,290,289,290,290,289,290,292,290,289,289,290,288,290,289,290,291,289,289,289

Results for gece (Ping Count 29):
289,290,289,290,292,290,289,289,290,289,290,289,289,291,289,290,290,288,290,291,291,289,290,291,290,290,290,291,289

Results for gece (Ping Count 35):
289,290,290,292,291,289,290,291,290,289,289,289,289,289,289,289,290,289,290,290,289,289,289,289,290,289,288,289,289,290,289,290,288,289,289

Results for gece (Ping Count 36):
290,290,290,291,289,291,289,291,289,289,288,290,290,288,290,289,289,289,289,288,289,291,289,289,292,290,291,289,289,289,289,289,289,290,289,291

Results for gece (Ping Count 44):
290,289,290,292,290,290,290,291,289,289,289,289,288,288,290,290,288,290,290,292,289,290,289,288,289,288,290,290,288,289,289,289,290,289,289,290,288,290,290,289,289,289,288,289

Results for gece (Ping Count 49):
289,289,291,291,289,289,290,289,289,289,290,289,289,290,290,288,291,290,290,291,290,289,289,288,289,289,290,289,289,288,292,289,289,289,291,292,290,289,289,289,290,289,288,289,289,290,292,290,289

Results for gece (Ping Count 61):
290,289,290,289,289,291,289,289,289,289,291,292,291,289,290,290,290,292,289,290,289,289,289,289,289,289,289,289,289,291,289,291,289,290,289,289,289,289,289,289,289,289,290,291,292,290,290,289,289,288,293,289,290,290,291,289,290,288,291,288,290

Results for gece (Ping Count 64):
299,290,289,288,290,289,290,289,289,290,289,289,289,289,288,288,289,288,289,289,290,289,293,289,289,288,289,289,290,289,289,290,289,291,292,290,289,289,289,289,289,288,289,289,289,291,289,289,289,290,289,290,289,289,289,295,289,289,290,297,299,293,290,289