Results for sabah (Ping Count 10):
3,3,4,3,3,3,3,6,3,3

Results for sabah (Ping Count 20):
3,3,3,3,2,3,3,3,3,3,3,3,3,3,3,3,3,3,3,3

Results for sabah (Ping Count 30):
3,3,3,3,3,3,3,3,3,3,3,3,3,2,3,3,3,3,2,3,3,3,3,3,3,3,3,3,3,3

Results for sabah (Ping Count 40):
3,3,3,3,3,3,3,3,3,3,3,2,3,2,3,3,3,3,3,3,4,4,3,4,3,3,3,3,3,3,3,3,3,4,3,3,3,4,3,3

Results for sabah (Ping Count 50):
3,4,3,2,3,3,3,4,2,3,3,3,3,3,3,3,3,3,3,3,3,3,3,3,3,3,3,3,3,3,3,3,3,3,3,3,3,3,10,3,3,3,3,3,3,3,3,3,3,3

Results for sabah (Ping Count 60):
3,3,3,3,3,3,3,3,3,3,3,3,3,3,3,3,4,3,4,3,3,3,3,3,3,4,4,3,4,3,3,3,3,3,3,3,3,3,3,12,3,3,3,3,3,3,3,3,3,3,3,3,3,3,3,3,3,3,3,3

Results for sabah (Ping Count 70):
3,3,3,3,3,3,3,3,3,3,3,4,3,3,3,3,3,3,3,3,4,3,3,3,3,3,3,3,3,3,3,3,2,3,3,3,3,3,3,3,4,3,3,3,3,4,3,3,3,3,3,3,3,3,4,3,3,2,3,3,3,3,3,3,3,3,3,3,3,3

Results for sabah (Ping Count 80):
3,3,3,3,3,3,3,3,3,3,3,3,3,3,3,3,3,3,3,3,3,3,3,3,3,3,3,4,3,3,3,3,4,3,3,3,3,3,3,3,3,3,3,3,3,3,3,3,3,4,3,3,3,2,10,3,3,3,3,3,3,3,4,3,3,3,3,3,3,3,3,3,3,3,3,3,3,3,4,2

Results for sabah (Ping Count 90):
3,3,3,3,3,2,2,3,4,3,4,3,3,3,3,3,4,3,5,2,4,4,7,3,4,3,2,3,3,2,3,3,4,3,3,3,3,3,3,3,3,3,3,3,4,3,3,3,4,3,2,3,3,3,3,3,3,3,3,3,3,4,3,3,3,3,3,4,3,3,3,3,3,3,3,3,3,3,3,3,3,5,3,3,3,4,3,3,3,3

Results for sabah (Ping Count 100):
3,3,3,3,3,4,3,3,3,3,3,3,3,3,3,3,3,3,3,3,3,3,3,3,3,4,2,3,3,3,3,3,3,3,3,3,3,3,3,4,3,3,3,3,3,3,3,3,3,3,3,3,3,6,2,2,3,3,3,3,3,3,3,3,3,3,3,3,3,3,3,3,3,3,3,3,3,3,3,3,3,4,3,3,3,4,2,3,3,3,3,3,3,3,3,3,3,3,3,3

Results for aksam (Ping Count 10):
3,3,4,4,3,5,3,3,3,3

Results for aksam (Ping Count 20):
3,3,6,3,3,3,3,3,3,2,3,3,4,3,3,3,3,3,3,3

Results for aksam (Ping Count 30):
3,3,3,3,4,3,4,3,3,3,4,3,3,3,4,3,3,3,3,3,3,3,2,5,3,3,3,3,5,3

Results for aksam (Ping Count 40):
3,3,3,3,3,3,2,4,3,3,3,3,3,3,3,3,3,4,3,3,3,3,3,3,3,3,3,3,3,3,3,3,3,3,5,3,3,4,3,8

Results for aksam (Ping Count 50):
3,3,3,3,3,3,3,3,5,3,3,4,3,3,3,3,3,2,3,3,3,3,3,3,3,3,4,2,2,3,3,3,4,3,3,3,3,3,3,2,3,4,3,3,3,4,5,3,3,7

Results for aksam (Ping Count 60):
3,3,3,3,3,3,3,3,4,99,3,3,3,3,3,3,3,3,3,3,3,3,3,3,3,8,9,3,4,3,3,3,3,3,3,3,3,3,3,3,133,3,3,3,4,3,3,4,3,3,4,3,3,9,3,3,5,3,6,3

Results for aksam (Ping Count 70):
3,3,3,3,3,3,3,9,3,3,6,4,4,3,3,4,3,3,3,3,10,3,3,3,3,3,3,3,3,3,3,3,4,6,3,2,3,4,4,3,3,7,3,3,3,3,3,3,3,3,3,3,3,3,4,12,3,3,3,5,3,3,3,3,3,3,3,3,3,3

Results for aksam (Ping Count 80):
3,3,3,3,3,4,3,3,3,3,3,3,3,3,3,3,3,4,15,4,4,3,3,3,3,7,13,3,2,3,3,2,3,3,3,2,3,3,3,6,3,4,3,3,3,3,3,3,3,3,3,3,4,3,3,4,3,4,3,3,4,4,3,4,3,3,2,3,3,3,3,3,2,2,4,2,5,3,3,3

Results for aksam (Ping Count 90):
3,67,3,3,3,3,3,3,3,3,3,3,3,4,3,3,3,8,3,3,3,3,3,3,3,3,3,3,3,3,3,3,115,3,3,3,3,3,3,3,3,3,2,3,3,2,3,3,2,3,3,3,3,3,11,3,5,6,3,3,3,4,3,3,4,3,3,2,3,3,3,3,3,3,3,3,3,3,3,3,3,3,3,3,3,3,3,3,3,5

Results for aksam (Ping Count 100):
3,3,3,3,3,3,3,3,3,3,3,3,3,3,3,4,3,3,17,3,3,3,3,2,3,3,3,3,3,3,3,3,3,3,3,2,4,2,4,3,3,3,3,5,3,3,3,3,3,2,3,3,3,3,3,2,3,4,3,3,3,3,8,3,3,3,3,2,4,3,3,3,3,3,3,3,3,3,3,3,3,4,3,3,3,3,2,2,3,3,3,3,3,2,3,3,3,3,3,3

Results for gece (Ping Count 10):
4,3,4,2,4,4,3,3,3,3

Results for gece (Ping Count 20):
3,3,3,3,3,3,3,3,3,3,3,3,3,3,3,3,3,3,3,3

Results for gece (Ping Count 30):
3,3,3,3,3,3,3,3,3,3,3,3,3,3,3,3,3,4,3,3,3,3,3,3,3,3,3,3,3,6

Results for gece (Ping Count 40):
3,3,3,3,5,3,3,3,3,3,3,3,2,3,3,3,3,3,3,3,3,3,3,3,3,3,3,3,3,3,3,3,3,3,3,3,3,2,3,3

Results for gece (Ping Count 50):
3,3,3,3,3,2,3,3,3,3,3,3,3,3,3,3,2,3,3,3,2,3,3,3,3,3,3,3,3,3,3,3,2,3,3,2,3,3,3,3,3,3,2,3,3,3,2,3,3,3

Results for gece (Ping Count 60):
3,3,3,3,3,3,3,3,3,3,3,3,3,3,3,3,2,3,2,3,3,2,3,3,3,2,3,3,3,3,3,3,3,3,3,3,7,3,4,3,3,3,3,3,3,3,3,3,3,3,3,3,3,3,3,3,3,3,3,3

Results for gece (Ping Count 70):
3,3,3,3,3,3,3,3,3,3,3,2,3,3,3,3,2,2,3,3,3,4,3,3,3,3,3,8,3,3,3,2,3,3,3,3,3,3,2,3,3,4,3,3,3,3,3,3,2,3,3,3,3,3,3,3,2,3,3,3,3,3,3,3,3,3,3,3,3,3

Results for gece (Ping Count 80):
3,3,3,3,3,3,4,3,3,3,3,2,3,3,3,3,3,2,3,2,3,3,3,3,3,3,3,3,2,3,3,3,3,3,3,3,3,3,3,3,4,3,3,3,3,3,3,3,5,3,3,3,7,3,3,3,3,3,3,3,3,3,2,2,3,3,3,3,3,3,4,3,2,3,3,2,3,3,3,3

Results for gece (Ping Count 90):
3,3,3,3,3,3,3,3,3,2,3,3,3,3,3,3,3,3,3,3,3,3,3,3,4,3,3,2,3,4,3,3,3,3,3,3,3,3,3,3,3,3,3,3,3,3,3,3,3,3,3,3,3,3,3,3,3,3,3,2,3,3,3,2,3,3,3,3,3,2,3,3,3,3,3,3,3,3,3,3,3,6,3,3,3,10,3,3,3,3

Results for gece (Ping Count 100):
3,6,3,3,3,3,2,3,3,3,3,12,3,3,3,3,3,3,2,3,2,3,3,3,3,3,3,3,3,3,3,3,3,3,3,3,3,3,3,3,3,3,3,3,3,3,2,3,3,3,3,2,3,3,3,3,5,3,3,3,3,3,3,3,3,3,3,3,3,2,3,3,3,2,3,3,3,3,3,3,3,3,3,3,3,3,3,3,3,3,3,3,3,3,3,3,3,3,3,3